  1.591549430918955E-002  1.100000000000000E-002
  1.591549430918955E-002  1.200000000000000E-002
  1.591549430918955E-002  1.300000000000000E-002
  1.591549430918955E-002  1.400000000000000E-002
  1.591549430918955E-002  1.500000000000000E-002
  1.591549430918955E-002  1.600000000000000E-002
  1.591549430918955E-002  1.700000000000000E-002
  1.591549430918955E-002  1.800000000000001E-002
  1.591549430918955E-002  1.900000000000001E-002
  1.591549430918955E-002  2.000000000000001E-002
  1.591549430918955E-002  2.100000000000001E-002
  1.591549430918955E-002  2.200000000000001E-002
  1.591549430918955E-002  2.300000000000001E-002
  1.591549430918955E-002  2.400000000000001E-002
  1.591549430918955E-002  2.500000000000001E-002
  1.591549430918955E-002  2.600000000000001E-002
  1.591549430918955E-002  2.700000000000001E-002
  1.591549430918955E-002  2.800000000000001E-002
  1.591549430918955E-002  2.900000000000002E-002
  1.591549430918955E-002  3.000000000000002E-002
  1.591549430918955E-002  3.100000000000002E-002
  1.591549430918955E-002  3.200000000000001E-002
  1.591549430918955E-002  3.300000000000002E-002
  1.591549430918955E-002  3.400000000000002E-002
  1.591549430918955E-002  3.500000000000002E-002
  1.591549430918955E-002  3.600000000000002E-002
  1.591549430918955E-002  0.185000000000000     
  1.591549430918955E-002   1.52666717529291     
  2.387324146378433E-002  1.100000000000000E-002
  2.387324146378433E-002  1.200000000000000E-002
  2.387324146378433E-002  1.300000000000000E-002
  2.387324146378433E-002  0.277011535644531     
  2.387324146378433E-002   1.88356878662100     
  3.183098861837910E-002  0.369355651855469     
  3.183098861837910E-002   2.19081939697253     
  3.978873577297388E-002  0.461705749511719     
  3.978873577297388E-002   2.46707562255843     
  4.774648292756865E-002  0.554063293457032     
  4.774648292756865E-002   2.72182330322247     
  5.570423008216342E-002  0.646429748535157     
  5.570423008216342E-002   2.96064935302713     
  6.366197723675819E-002  0.738806701660157     
  6.366197723675819E-002   3.18716229248023     
  7.161972439135297E-002  0.831195739746095     
  7.161972439135297E-002   3.40384674072239     
  7.957747154594774E-002  0.923598327636719     
  7.957747154594774E-002   3.61249578857393     
  8.753521870054251E-002   1.01601617431641     
  8.753521870054251E-002   3.81445123290985     
  9.549296585513729E-002   1.10845074462890     
  9.549296585513729E-002   4.01074591064421     
  0.103450713009732        1.20090374755857     
  0.103450713009732        4.20219378662083     
  0.111408460164327        1.29337689208981     
  0.111408460164327        4.38944891357402     
  0.119366207318922        1.38587176513668     
  0.119366207318922        4.57304522705064     
  0.127323954473516        1.47839007568354     
  0.127323954473516        4.75342498779289     
  0.135281701628111        1.57093365478509     
  0.135281701628111        4.93095843505857     
  0.143239448782706        1.66350421142571     
  0.143239448782706        5.10595941162113     
  0.151197195937301        1.75610369873039     
  0.151197195937301        5.27869610595713     
  0.159154943091896        1.84873394775381     
  0.159154943091896        5.44939935302750     
  0.167112690246490        1.94139691162099     
  0.167112690246490        5.61826971435568     
  0.175070437401085        2.03409454345692     
  0.175070437401085        5.78548248291042     
  0.183028184555680        2.12682904052722     
  0.183028184555680        5.95119122314485     
  0.190985931710275        2.21960223388658     
  0.190985931710275        6.11553228759803     
  0.198943678864869        2.31241644287095     
  0.198943678864869        6.27862628173871     
  0.206901426019464        2.40527398681625     
  0.206901426019464        6.44058087158252     
  0.214859173174059        2.49817706298812     
  0.214859173174059        6.60149249267632     
  0.222816920328654        2.59112811279279     
  0.222816920328654        6.76144781494200     
  0.230774667483249        2.68412957763653     
  0.230774667483249        6.92052508544986     
  0.238732414637843        2.77718414306621     
  0.238732414637843        7.07879486084054     
  0.246690161792438        2.87029437255839     
  0.246690161792438        7.23632147216872     
  0.254647908947033        2.96346307373025     
  0.254647908947033        7.39316339111409     
  0.262605656101628        3.05669317626931     
  0.262605656101628        7.54937384033289     
  0.270563403256222        3.14998760986305     
  0.270563403256222        7.70500164795013     
  0.278521150410817        3.24334954833960     
  0.278521150410817        7.86009136962987     
  0.286478897565412        3.33678228759740     
  0.286478897565412        8.01468414306741     
  0.294436644720007        3.43028912353489     
  0.294436644720007        8.16881768798919     
  0.302394391874602        3.52387384033175     
  0.302394391874602        8.32252703857504     
  0.310352139029196        3.61753985595674     
  0.310352139029196        8.47584405517652     
  0.318309886183791        3.71129132080048     
  0.318309886183791        8.62879876709050     
  0.326267633338386        3.80513226318329     
  0.326267633338386        8.78141876220760     
  0.334225380492981        3.89906695556609     
  0.334225380492981        8.93372930908252     
  0.342183127647575        3.99310003662076     
  0.342183127647575        9.08575457763712     
  0.350140874802170        4.08723602294892     
  0.350140874802170        9.23751641845735     
  0.358098621956765        4.18148004150364     
  0.358098621956765        9.38903546142602     
  0.366056369111360        4.27583734130836     
  0.366056369111360        9.54033099365250     
  0.374014116265954        4.37031341552714     
  0.374014116265954        9.69142095947272     
  0.381971863420549        4.46491424560529     
  0.381971863420549        9.84232196044920     
  0.389929610575144        4.55964593505845     
  0.389929610575144        9.99304986572256     
  0.397887357729739        4.65451495361317     
  0.397887357729739        10.1436190795897     
  0.405845104884333        4.74952838134758     
  0.405845104884333        10.2940435180661     
  0.413802852038928        4.84469342041011     
  0.413802852038928        10.4443359985348     
  0.421760599193523        4.94001800537108     
  0.421760599193523        10.5945084838863     
  0.429718346348118        5.03551031494142     
  0.429718346348118        10.7445724487300     
  0.437676093502712        5.13117913818364     
  0.437676093502712        10.8945385131830     
  0.445633840657307        5.22703399658211     
  0.445633840657307        11.0444165649407     
  0.453591587811902        5.32308465576183     
  0.453591587811902        11.1942162475578     
  0.461549334966497        5.41934185791030     
  0.461549334966497        11.3439461059562     
  0.469507082121091        5.51581707763689     
  0.469507082121091        11.4936146850577     
  0.477464829275686        5.61252239990255     
  0.477464829275686        11.6432297973623     
  0.485422576430281        5.70947076416040     
  0.485422576430281        11.7927987670887     
  0.493380323584876        5.80667645263699     
  0.493380323584876        11.9423286743152     
  0.501338070739470        5.90415423584015     
  0.501338070739470        12.0918258666980     
  0.509295817894065        6.00192022705112     
  0.509295817894065        12.2412966918932     
  0.517253565048660        6.09999200439490     
  0.517253565048660        12.3907470092759     
  0.525211312203255        6.19838824462931     
  0.525211312203255        12.5401823120102     
  0.533169059357849        6.29712896728559     
  0.533169059357849        12.6896077270492     
  0.541126806512444        6.39623638916063     
  0.541126806512444        12.8390281372054     
  0.549084553667039        6.49573394775441     
  0.549084553667039        12.9884483032209     
  0.557042300821634        6.59564739990288     
  0.557042300821634        13.1378724975567     
  0.565000047976228        6.69600457763729     
  0.565000047976228        13.2873048706035     
  0.572957795130823        6.79683612060607     
  0.572957795130823        13.4367493286113     
  0.580915542285418        6.89817486572330     
  0.580915542285418        13.5862095336893     
  0.588873289440012        7.00005718994208     
  0.588873289440012        13.7356890258767     
  0.596831036594607       0.772262634277344     
  0.596831036594607        7.10252252197336     
  0.596831036594607        13.8851909790016     
  0.604788783749202        1.28096282958981     
  0.604788783749202        7.20561431884840     
  0.604788783749202        14.0347185668922     
  0.612746530903797        1.64638311767571     
  0.612746530903797        7.30938018798906     
  0.612746530903797        14.1842747192359     
  0.620704278058392        1.95076861572255     
  0.620704278058392        7.41387261962972     
  0.620704278058392        14.3338621215795     
  0.628662025212986        2.21937054443346     
  0.628662025212986        7.51914923095788     
  0.628662025212986        14.4834833373998     
  0.636619772367581        2.46391534423812     
  0.636619772367581        7.62527410888760     
  0.636619772367581        14.6331410522434     
  0.644577519522176        2.69096685790997     
  0.644577519522176        7.73231781005951     
  0.644577519522176        14.7828373413058     
  0.652535266676771        2.90462799072245     
  0.652535266676771        7.84035906982517     
  0.652535266676771        14.9325745239229     
  0.660493013831365        3.10766046142555     
  0.660493013831365        7.94948504638771     
  0.660493013831365        15.0823545532197     
  0.668450760985960        3.30202447509740     
  0.668450760985960        8.05979315185644     
  0.668450760985960        15.2321795043915     
  0.676408508140555        3.48916876220676     
  0.676408508140555        8.17139215087982     
  0.676408508140555        15.3820510864227     
  0.684366255295149        3.67019818115205     
  0.684366255295149        8.28440411377037     
  0.684366255295149        15.5319711303679     
  0.692324002449744        3.84597698974578     
  0.692324002449744        8.39896575927813     
  0.692324002449744        15.6819412231413     
  0.700281749604339        4.01719561767546     
  0.700281749604339        8.51523101806713     
  0.700281749604339        15.8319628295865     
  0.708239496758934        4.18441546630833     
  0.708239496758934        8.63337371826237     
  0.708239496758934        15.9820374145474     
  0.716197243913528        4.34810003662088     
  0.716197243913528        8.75359014892637     
  0.716197243913528        16.1321663207975     
  0.724154991068123        4.50863690185531     
  0.724154991068123        8.87610260009818     
  0.724154991068123        16.2823508911102     
  0.732112738222718        4.66635345458974     
  0.732112738222718        9.00116339111373     
  0.732112738222718        16.4325922241182     
  0.740070485377313        4.82152972412104     
  0.740070485377313        9.12905889892616     
  0.740070485377313        16.5828915405246     
  0.748028232531907        4.97440692138671     
  0.748028232531907        9.26011529541046     
  0.748028232531907        16.7332496948217     
  0.755985979686502        5.12519451904302     
  0.755985979686502        9.39470294189476     
  0.755985979686502        16.8836677856422     
  0.763943726841097        5.27407611083994     
  0.763943726841097        9.53324334716812     
  0.763943726841097        17.0341467895486     
  0.771901473995692        5.42121295166030     
  0.771901473995692        9.67621441650398     
  0.771901473995692        17.1846874389629     
  0.779859221150286        5.56674835205098     
  0.779859221150286        9.82415679931640     
  0.779859221150286        17.3352905883771     
  0.787816968304881        5.71080987548852     
  0.787816968304881        9.97767803955069     
  0.787816968304881        17.4859569702132     
  0.795774715459476        5.85351165771513     
  0.795774715459476        10.1374553833006     
  0.795774715459476        17.6366873168931     
  0.803732462614071        5.99495672607456     
  0.803732462614071        10.3042334594724     
  0.803732462614071        17.7874821166980     
  0.811690209768665        6.13523785400429     
  0.811690209768665        10.4788159790035     
  0.811690209768665        17.9383421020497     
  0.819647956923260        6.27443951416059     
  0.819647956923260        10.6620460815425     
  0.819647956923260        18.0892678832999     
  0.827605704077855        6.41263885498094     
  0.827605704077855        10.8547728881830     
  0.827605704077855        18.2402597045892     
  0.835563451232450        6.54990618896537     
  0.835563451232450        18.3913182983393     
  0.843521198387044        6.68630621337948     
  0.843521198387044        11.2718098754875     
  0.843521198387044        18.5424440307614     
  0.851478945541639        6.82189874267639     
  0.851478945541639        11.4972800903311     
  0.851478945541639        18.6936371459960     
  0.859436692696234        6.95673870849675     
  0.859436692696234        11.7343789672841     
  0.859436692696234        18.8448981323243     
  0.867394439850829        7.09087750244211     
  0.867394439850829        11.9828816528308     
  0.867394439850829        18.9962272338870     
  0.875352187005423        7.22436273193434     
  0.875352187005423        12.2421182250963     
  0.875352187005423        19.1476249389653     
  0.883309934160018        7.35723895263751     
  0.883309934160018        12.5109785766587     
  0.883309934160018        19.2990912475592     
  0.891267681314613        7.48954779052818     
  0.891267681314613        12.7879851684554     
  0.891267681314613        19.4506264038094     
  0.899225428469208        7.62132843017666     
  0.899225428469208        13.0714187622052     
  0.899225428469208        19.6022308959971     
  0.907183175623802        7.75261785888764     
  0.907183175623802        13.3594716186504     
  0.907183175623802        19.7539046020519     
  0.915140922778397        7.88345098877050     
  0.915140922778397        13.6503916625955     
  0.915140922778397        19.9056478881849     
  0.923098669932992        8.01386077880959     
  0.923098669932992        13.9425929565407     
  0.923098669932992        20.0574606323257     
  0.931056417087587        8.14387884521577     
  0.931056417087587        14.2347216186499     
  0.931056417087587        20.2093432006853     
  0.939014164242181        8.27353485107507     
  0.939014164242181        14.5256793823216     
  0.939014164242181        20.3612955932636     
  0.946971911396776        8.40285772705156     
  0.946971911396776        14.8146162719699     
  0.946971911396776        20.5133179321310     
  0.954929658551371        5.68794781494164     
  0.954929658551371        6.92449261474674     
  0.954929658551371        8.53187481689524     
  0.954929658551371        15.1009043579072     
  0.954929658551371        20.6654100952171     
  0.962887405705966        4.48448162841780     
  0.962887405705966        7.87827642822362     
  0.962887405705966        8.66061236572330     
  0.962887405705966        15.3841029663055     
  0.962887405705966        20.8175723266626     
  0.970845152860560        3.71402777099580     
  0.970845152860560        8.38419415283282     
  0.970845152860560        8.78909600830135     
  0.970845152860560        15.6639225463835     
  0.970845152860560        20.9698045043972     
  0.978802900015155        3.05049603271462     
  0.978802900015155        8.76011968994199     
  0.978802900015155        8.91735028076222     
  0.978802900015155        15.9401925659146     
  0.978802900015155        21.1221066284208     
  0.986760647169750        2.41693634033188     
  0.986760647169750        9.04539874267621     
  0.986760647169750        9.06721124267619     
  0.986760647169750        16.2128320922820     
  0.986760647169750        21.2744786987335     
  0.994718394324345        1.75109185791007     
  0.994718394324345        9.17326483154332     
  0.994718394324345        9.33064202880886     
  0.994718394324345        16.4818278198214     
  0.994718394324345        21.4269208374056     
   1.00267614147894       0.894433044433594     
   1.00267614147894        9.30097100830107     
   1.00267614147894        9.56367572021498     
   1.00267614147894        16.7472145385717     
   1.00267614147894        21.5794328002964     
   1.01063388863353        9.42853912353537     
   1.01063388863353        9.77429376220705     
   1.01063388863353        17.0090617065408     
   1.01063388863353        21.7320145874059     
   1.01859163578813        9.55599102783217     
   1.01859163578813        9.96771990966788     
   1.01859163578813        17.2674623413067     
   1.01859163578813        21.8846660766639     
   1.02654938294272        9.68334759521492     
   1.02654938294272        10.1475761108397     
   1.02654938294272        17.5225247192367     
   1.02654938294272        22.0373872680704     
   1.03450713009732        9.81062994384766     
   1.03450713009732        10.3164828491208     
   1.03450713009732        17.7743663940417     
   1.03450713009732        22.1901781616252     
   1.04246487725191        9.93785845947259     
   1.04246487725191        10.4763982543942     
   1.04246487725191        18.0231098022451     
   1.04246487725191        22.3430385131879     
   1.05042262440651        10.0650535278319     
   1.05042262440651        10.6288236694331     
   1.05042262440651        18.2688790893548     
   1.05042262440651        22.4959680786178     
   1.05838037156110        10.1922354125974     
   1.05838037156110        10.7749340209956     
   1.05838037156110        18.5117977905270     
   1.05838037156110        22.6489671020555     
   1.06633811871570        10.3194242553708     
   1.06633811871570        10.9156651000970     
   1.06633811871570        18.7519872436523     
   1.06633811871570        22.8020350952197     
   1.07429586587029        10.4466399536129     
   1.07429586587029        11.0517731323235     
   1.07429586587029        18.9895651245119     
   1.07429586587029        22.9551721801809     
   1.08225361302489        10.5739025268550     
   1.08225361302489        11.1838768920891     
   1.08225361302489        19.2246455688482     
   1.08225361302489        23.1083779907279     
   1.09021136017948        10.7012319946284     
   1.09021136017948        11.3124884643546     
   1.09021136017948        19.4573378295906     
   1.09021136017948        23.2616525268609     
   1.09816910733408        10.8286484985346     
   1.09816910733408        11.4380353393546     
   1.09816910733408        19.6877465209972     
   1.09816910733408        23.4149955444392     
   1.10612685448867        10.9561721801751     
   1.10612685448867        11.5608778686514     
   1.10612685448867        19.9159717407240     
   1.10612685448867        23.5684069213925     
   1.11408460164327        11.0838233032220     
   1.11408460164327        11.6813219604482     
   1.11408460164327        20.1421083374040     
   1.11408460164327        23.7218864135802     
   1.12204234879786        11.2116226196281     
   1.12204234879786        11.7996292114247     
   1.12204234879786        20.3662466430683     
   1.12204234879786        23.8754338989320     
   1.13000009595246        11.3395906372062     
   1.13000009595246        11.9160244750965     
   1.13000009595246        20.5884727172873     
   1.13000009595246        24.0290491333072     
   1.13795784310705        11.4677485961905     
   1.13795784310705        12.0307028198230     
   1.13795784310705        20.8088677368189     
   1.13795784310705        24.1827319946355     
   1.14591559026164        11.5961176147451     
   1.14591559026164        12.1438333129870     
   1.14591559026164        21.0275088501004     
   1.14591559026164        24.3364822387763     
   1.15387333741624        11.7247196655263     
   1.15387333741624        12.2555643920885     
   1.15387333741624        21.2444694213897     
   1.15387333741624        24.4902996215890     
   1.16183108457083        11.8535765991200     
   1.16183108457083        12.3660260620103     
   1.16183108457083        21.4598185424837     
   1.16183108457083        24.6441840210032     
   1.16978883172543        11.9827111206043     
   1.16978883172543        12.4753333129868     
   1.16978883172543        21.6736221313512     
   1.16978883172543        24.7981351928784     
   1.17774657888002        12.1121460571276     
   1.17774657888002        12.5835875854477     
   1.17774657888002        21.8859424438514     
   1.17774657888002        24.9521528930739     
   1.18570432603462       0.418931579589844     
   1.18570432603462        12.2419050903307     
   1.18570432603462        12.6908794555648     
   1.18570432603462        22.0968385620157     
   1.18570432603462        25.1062368774491     
   1.19366207318921        1.13149517822264     
   1.19366207318921        12.3720120239244     
   1.19366207318921        12.7972896118148     
   1.19366207318921        22.3063665161176     
   1.19366207318921        25.2603869018634     
   1.20161982034381        1.56402374267572     
   1.20161982034381        12.5024917602524     
   1.20161982034381        12.9028903198225     
   1.20161982034381        22.5145795288131     
   1.20161982034381        25.4146028442464     
   1.20957756749840        1.91610638427724     
   1.20957756749840        12.6333694457992     
   1.20957756749840        13.0077462768537     
   1.20957756749840        22.7215282592821     
   1.20957756749840        25.5688844604575     
   1.21753531465300        2.22589093017565     
   1.21753531465300        12.7646710815413     
   1.21753531465300        13.1119159545880     
   1.21753531465300        22.9272604370168     
   1.21753531465300        25.7232313842858     
   1.22549306180759        2.50880499267562     
   1.22549306180759        12.8964232788069     
   1.22549306180759        13.2154523315411     
   1.22549306180759        23.1318218383842     
   1.22549306180759        25.8776434936610     
   1.23345080896219        2.77284393310527     
   1.23345080896219        13.0286535034162     
   1.23345080896219        13.3184030151348     
   1.23345080896219        23.3352557983454     
   1.23345080896219        26.0321204223721     
   1.24140855611678        3.02275311279275     
   1.24140855611678        13.1613899536114     
   1.24140855611678        13.4208115844707     
   1.24140855611678        23.5376033325253     
   1.24140855611678        26.1866620483489     
   1.24936630327138        3.26160614013647     
   1.24936630327138        13.2946616821270     
   1.24936630327138        13.5227174682597     
   1.24936630327138        23.7389039917053     
   1.24936630327138        26.3412681274506     
   1.25732405042597        3.49152056884738     
   1.25732405042597        13.4284985961894     
   1.25732405042597        13.6241569213846     
   1.25732405042597        23.9391951294008     
   1.25732405042597        26.4959384155367     
   1.26528179758057        3.71402410888642     
   1.26528179758057        13.5629315795878     
   1.26528179758057        13.7251629028299     
   1.26528179758057        24.1385121460026     
   1.26528179758057        26.6506725463963     
   1.27323954473516        3.93025860595671     
   1.27323954473516        13.6979923706033     
   1.27323954473516        13.8257656860329     
   1.27323954473516        24.3368890991279     
   1.27323954473516        26.8054702758887     
   1.28119729188976        4.14110345458956     
   1.28119729188976        13.8337138061501     
   1.28119729188976        13.9259932250954     
   1.28119729188976        24.5343585815500     
   1.28119729188976        26.9603314819436     
   1.28915503904435        4.34725164794900     
   1.28915503904435        13.9701295776344     
   1.28915503904435        14.0258711547828     
   1.28915503904435        24.7309512329174     
   1.28915503904435        27.1152557983500     
   1.29711278619895        4.54926019287095     
   1.29711278619895        14.1072747192359     
   1.29711278619895        14.1254231567359     
   1.29711278619895        24.9266968383864     
   1.29711278619895        27.2702431030377     
   1.30507053335354        4.74758514404289     
   1.30507053335354        14.2246710815405     
   1.30507053335354        14.2451849975561     
   1.30507053335354        25.1216233520585     
   1.30507053335354        27.4252929077254     
   1.31302828050814        4.94260491943358     
   1.31302828050814        14.3236351928686     
   1.31302828050814        14.3838975219701     
   1.31302828050814        25.3157579956134     
   1.31302828050814        27.5804050903428     
   1.32098602766273        5.13463800048833     
   1.32098602766273        14.4223344116185     
   1.32098602766273        14.5234503784154     
   1.32098602766273        25.5091264038168     
   1.32098602766273        27.7355794067492     
   1.32894377481732        5.32395513916027     
   1.32894377481732        14.5207863159154     
   1.32894377481732        14.6638828735325     
   1.32894377481732        25.7017533569420     
   1.32894377481732        27.8908156128041     
   1.33690152197192        5.51078900146502     
   1.33690152197192        14.6190072631809     
   1.33690152197192        14.8052356567355     
   1.33690152197192        25.8936624145595     
   1.33690152197192        28.0461132202261     
   1.34485926912651        5.69534173584008     
   1.34485926912651        14.7170125122043     
   1.34485926912651        14.9475501098604     
   1.34485926912651        26.0848762817472     
   1.34485926912651        28.2014722290154     
   1.35281701628111        5.87778973388702     
   1.35281701628111        14.8148163452121     
   1.35281701628111        15.0908689575166     
   1.35281701628111        26.2754166870209     
   1.35281701628111        28.3568922729609     
   1.36077476343570        6.05828875732458     
   1.36077476343570        14.9124321899386     
   1.36077476343570        15.2352361450165     
   1.36077476343570        26.4653043823336     
   1.36077476343570        28.5123729858517     
   1.36873251059030        6.23697662353557     
   1.36873251059030        15.0098724975557     
   1.36873251059030        15.3806965942352     
   1.36873251059030        26.6545593872166     
   1.36873251059030        28.6679142456175     
   1.37669025774489        6.41397674560594     
   1.37669025774489        15.1071493530244     
   1.37669025774489        15.5272963256804     
   1.37669025774489        26.8432009887794     
   1.37669025774489        28.8235156860474     
   1.38464800489949        6.58939971923882     
   1.38464800489949        15.2042738647431     
   1.38464800489949        15.6750822143522     
   1.38464800489949        27.0312472534280     
   1.38464800489949        28.9791771850710     
   1.39260575205408        6.76334552002012     
   1.39260575205408        15.3012565307587     
   1.39260575205408        15.8241021118131     
   1.39260575205408        27.2187162475689     
   1.39260575205408        29.1348982544072     
   1.40056349920868        6.93590460205143     
   1.40056349920868        15.3981073608368     
   1.40056349920868        15.9744047241177     
   1.40056349920868        27.4056246948347     
   1.40056349920868        29.2906786499152     
   1.40852124636327        7.10715972900462     
   1.40852124636327        15.4948358764617     
   1.40852124636327        16.1260393676725     
   1.40852124636327        27.5919889526475     
   1.40852124636327        29.4465182495247     
   1.41647899351787        7.27718646240311     
   1.41647899351787        15.5914511108366     
   1.41647899351787        16.2790558471649     
   1.41647899351787        27.7778248901477     
   1.41647899351787        29.6024165649546     
   1.42443674067246        7.44605413818441     
   1.42443674067246        15.6879617309538     
   1.42443674067246        16.4335046997041     
   1.42443674067246        27.9631476440542     
   1.42443674067246        29.7583735962048     
   1.43239448782706        7.61382684326260     
   1.43239448782706        15.7843756713834     
   1.43239448782706        16.5894359741184     
   1.43239448782706        28.1479716186638     
   1.43239448782706        29.9143888549940     
   1.44035223498165        7.78056390380953     
   1.44035223498165        15.8807011108365     
   1.44035223498165        16.7469003295873     
   1.44035223498165        28.3323108520624     
   1.44035223498165        30.0704620971817     
   1.44830998213625        7.94632049560646     
   1.44830998213625        15.9769452514614     
   1.44830998213625        16.9059475707985     
   1.44830998213625        28.5161788940548     
   1.44830998213625        30.2265929565569     
   1.45626772929084        8.11114788818454     
   1.45626772929084        16.0731155395474     
   1.45626772929084        17.0666272582987     
   1.45626772929084        28.6995888061644     
   1.45626772929084        30.3827814331196     
   1.46422547644544        8.27509393310632     
   1.46422547644544        16.1692188110319     
   1.46422547644544        17.2289878540020     
   1.46422547644544        28.8825531616334     
   1.46422547644544        30.5390270385886     
   1.47218322360003        8.43820355224685     
   1.47218322360003        16.2652617797821     
   1.47218322360003        17.3930765991194     
   1.47218322360003        29.0650839233524     
   1.47218322360003        30.6953294067528     
   1.48014097075463        8.60051922607489     
   1.48014097075463        16.3612509155244     
   1.48014097075463        17.5589387817368     
   1.48014097075463        29.2471929321417     
   1.48014097075463        30.8516884155421     
   1.48809871790922        8.76208038330137     
   1.48809871790922        16.4571924438448     
   1.48809871790922        17.7266178588854     
   1.48809871790922        29.4288914184700     
   1.48809871790922        31.0081038208157     
   1.49605646506382        8.92292486572315     
   1.49605646506382        16.5530925903293     
   1.49605646506382        17.8961546020497     
   1.49605646506382        29.6101902465952     
   1.49605646506382        31.1645752563628     
   1.50401421221841        9.08308795166056     
   1.50401421221841        16.6489572143528     
   1.50401421221841        18.0675867309561     
   1.50401421221841        29.7910999145642     
   1.50401421221841        31.3211023559723     
   1.51197195937301        9.24260369873079     
   1.51197195937301        16.7447921752905     
   1.51197195937301        18.2409481811517     
   1.51197195937301        29.9716306762832     
   1.51197195937301        31.4776849975741     
   1.51992970652760        9.40150384521507     
   1.51992970652760        16.8406030883765     
   1.51992970652760        18.4162689819331     
   1.51992970652760        30.1517922973772     
   1.51992970652760        31.6343226928868     
   1.52788745368220        9.55981927490249     
   1.52788745368220        16.9363954467751     
   1.52788745368220        18.5935746459958     
   1.52788745368220        30.3315942993305     
   1.52788745368220        31.7910154419104     
   1.53584520083679        9.71757879638677     
   1.53584520083679        17.0321748657205     
   1.53584520083679        18.7728851928711     
   1.53584520083679        30.5110457153463     
   1.53584520083679        31.9477627563637     
   1.54380294799139        9.87481060791012     
   1.54380294799139        17.1279465942362     
   1.54380294799139        18.9542152709963     
   1.54380294799139        30.6901557006981     
   1.54380294799139        32.1045643921057     
   1.55176069514598        10.0315413208007     
   1.55176069514598        17.2237160034160     
   1.55176069514598        19.1375733032231     
   1.55176069514598        30.8689326782374     
   1.55176069514598        32.2614199829257     
   1.55971844230058        10.1877965698240     
   1.55971844230058        17.3194883422833     
   1.55971844230058        19.3229612426764     
   1.55971844230058        31.0473849487454     
   1.55971844230058        32.4183294067534     
   1.56767618945517        10.3436010131833     
   1.56767618945517        17.4152688598616     
   1.56767618945517        19.5103738403329     
   1.56767618945517        31.2255205688628     
   1.56767618945517        32.5752922973781     
   1.57563393660977        10.4989784545895     
   1.57563393660977        17.5110628051742     
   1.57563393660977        19.6997986450206     
   1.57563393660977        31.4033474731599     
   1.57563393660977        32.7323084106589     
   1.58359168376436        10.6539518432613     
   1.58359168376436        17.6068753051743     
   1.58359168376436        19.8912157592787     
   1.58359168376436        31.5808731079258     
   1.58359168376436        32.8893773803852     
   1.59154943091896        10.8085432739252     
   1.59154943091896        17.7027116088854     
   1.59154943091896        20.0845974731461     
   1.59154943091896        31.7581049194494     
   1.59154943091896        33.0464989624160     
   1.59950717807355        10.9627741088861     
   1.59950717807355        17.7985767211902     
   1.59950717807355        20.2799083862323     
   1.59950717807355        31.9350497436684     
   1.59950717807355        33.2036729126110     
   1.60746492522815        11.1166652221672     
   1.60746492522815        17.8944761352528     
   1.60746492522815        20.4771054077169     
   1.60746492522815        32.1117147827307     
   1.60746492522815        33.3608987426887     
   1.61542267238274        11.2702366333000     
   1.61542267238274        17.9904151000967     
   1.61542267238274        20.6761378784203     
   1.61542267238274        32.2881065063631     
   1.61542267238274        33.5181764526493     
   1.62338041953734        11.4235079956046     
   1.62338041953734        18.0863987426749     
   1.62338041953734        20.8769476928736     
   1.62338041953734        32.4642313842924     
   1.62338041953734        33.6755055542114     
   1.63133816669193        11.5764983520498     
   1.63133816669193        18.1824325561516     
   1.63133816669193        21.0794700317411     
   1.63133816669193        32.6400958862451     
   1.63133816669193        33.8328858032345     
   1.63929591384653        11.7292260131825     
   1.63929591384653        18.2785220336908     
   1.63929591384653        21.2836337280304     
   1.63929591384653        32.8157058715963     
   1.63929591384653        33.9903169555779     
   1.64725366100112        11.8817092895496     
   1.64725366100112        18.3746725463862     
   1.64725366100112        21.4893615112338     
   1.64725366100112        32.9910674438615     
   1.64725366100112        34.1477987671010     
   1.65521140815572        12.0339656372058     
   1.65521140815572        18.4708899536129     
   1.65521140815572        21.6965709838903     
   1.65521140815572        33.1661863403454     
   1.65521140815572        34.3053307495225     
   1.66316915531031        12.1860121459948     
   1.66316915531031        18.5671798706052     
   1.66316915531031        21.9051752319374     
   1.66316915531031        33.3410679321419     
   1.66316915531031        34.4629127807721     
   1.67112690246490        12.3378659057603     
   1.67112690246490        18.6635481567381     
   1.67112690246490        22.1150839233439     
   1.67112690246490        33.5157179565556     
   1.67112690246490        34.6205446167092     
   1.67908464961950        12.4895431518540     
   1.67908464961950        18.7600007934570     
   1.67908464961950        22.3262034301801     
   1.67908464961950        33.6901414184692     
   1.67908464961950        34.7782257690526     
   1.68704239677409        12.6410599975570     
   1.68704239677409        18.8565441284180     
   1.68704239677409        22.5384380493210     
   1.68704239677409        33.8643435669063     
   1.68704239677409        34.9359561157319     
   1.69500014392869        12.7924321899398     
   1.69500014392869        18.9531845092775     
   1.69500014392869        22.7516909790087     
   1.69500014392869        34.0383292846793     
   1.70295789108328        12.9436752319319     
   1.70295789108328        19.0499281616214     
   1.70295789108328        22.9658646850637     
   1.70295789108328        34.2121034546008     
   1.71091563823788        13.0948041381818     
   1.71091563823788        19.1467821655278     
   1.71091563823788        23.1808618774468     
   1.71091563823788        34.3856708374129     
   1.71887338539247        13.2458339233379     
   1.71887338539247        19.2437532348638     
   1.71887338539247        23.3965863647517     
   1.71887338539247        34.5590359497172     
   1.72683113254707        13.3967789916972     
   1.72683113254707        19.3408486938483     
   1.72683113254707        23.6129431762754     
   1.72683113254707        34.7322031860449     
   1.73478887970166        13.5476536254862     
   1.73478887970166        19.4380758667000     
   1.73478887970166        23.8298397827210     
   1.73478887970166        34.9051770629976     
   1.74274662685626        13.6984717407205     
   1.74274662685626        19.5354425659189     
   1.74274662685626        24.0471862182681     
   1.75070437401085        13.8492472534157     
   1.75070437401085        19.6329568481455     
   1.75070437401085        24.2648954467840     
   1.75866212116545        4.62334637451160     
   1.75866212116545        9.64641802978525     
   1.75866212116545        13.9999933471656     
   1.75866212116545        19.7306268920910     
   1.75866212116545        24.4828839721749     
   1.76661986832004        3.08583013915993     
   1.76661986832004        10.5979164428707     
   1.76661986832004        14.1507234497046     
   1.76661986832004        19.8284614868177     
   1.76661986832004        24.7010719604564     
   1.77457761547464        1.27965618896481     
   1.77457761547464        11.2957944946281     
   1.77457761547464        14.3014501342749     
   1.77457761547464        19.9264695434584     
   1.77457761547464        24.9193837280348     
   1.78253536262923        11.8670798950184     
   1.78253536262923        14.4521862182591     
   1.78253536262923        20.0246605834976     
   1.78253536262923        25.1377472534257     
   1.79049310978383        12.3590513305650     
   1.79049310978383        14.6029437866184     
   1.79049310978383        20.1230444946305     
   1.79049310978383        25.3560951538166     
   1.79845085693842        12.7954839477523     
   1.79845085693842        14.7537348022434     
   1.79845085693842        20.2216315307634     
   1.79845085693842        25.5743638305747     
   1.80640860409302        13.1903309936505     
   1.80640860409302        14.9045709838839     
   1.80640860409302        20.3204324340839     
   1.80640860409302        25.7924943237390     
   1.81436635124761        13.5526090698221     
   1.81436635124761        15.0554634399385     
   1.81436635124761        20.4194584350606     
   1.81436635124761        26.0104315795986     
   1.82232409840221        13.8885454711891     
   1.82232409840221        15.2064232788056     
   1.82232409840221        20.5187213745138     
   1.82232409840221        26.2281246948333     
   1.83028184555680        14.2026548461890     
   1.83028184555680        15.3574607543915     
   1.83028184555680        20.6182337036155     
   1.83028184555680        26.4455267944429     
   1.83823959271140        14.4983353881810     
   1.83823959271140        15.5085859985320     
   1.83823959271140        20.7180084838891     
   1.83823959271140        26.6625947876073     
   1.84619733986599        14.7782207641574     
   1.84619733986599        15.6598086547819     
   1.84619733986599        20.8180592651392     
   1.84619733986599        26.8792894897560     
   1.85415508702059        15.0444016723604     
   1.85415508702059        15.8111376342740     
   1.85415508702059        20.9184005737331     
   1.85415508702059        27.0955748901469     
   1.86211283417518        15.2985711059540     
   1.86211283417518        15.9625817260708     
   1.86211283417518        21.0190474243191     
   1.86211283417518        27.3114187622174     
   1.87007058132978        15.5421220092742     
   1.87007058132978        16.1141487426725     
   1.87007058132978        21.1200158081083     
   1.87007058132978        27.5267918090927     
   1.87802832848437        15.7762175903287     
   1.87802832848437        16.2658460082977     
   1.87802832848437        21.2213225708037     
   1.87802832848437        27.7416679077258     
   1.88598607563897        16.0018400268520     
   1.88598607563897        16.4176802368135     
   1.88598607563897        21.3229851684601     
   1.88598607563897        27.9560236206167     
   1.89394382279356        16.2198283081023     
   1.89394382279356        16.5696571655246     
   1.89394382279356        21.4250225219759     
   1.89394382279356        28.1698381958122     
   1.90190156994816        16.4309048461885     
   1.90190156994816        16.7217819213842     
   1.90190156994816        21.5274540405307     
   1.90190156994816        28.3830934448359     
   1.90985931710275        16.6356972045872     
   1.90985931710275        16.8740587768531     
   1.90985931710275        21.6303005981480     
   1.90985931710275        28.5957734985471     
   1.91781706425735        16.8347540893531     
   1.91781706425735        17.0264909057595     
   1.91781706425735        21.7335841674840     
   1.91781706425735        28.8078644409302     
   1.92577481141194        17.0285585327127     
   1.92577481141194        17.1790803832988     
   1.92577481141194        21.8373278198279     
   1.92577481141194        29.0193546753055     
   1.93373255856654        17.2175383911113     
   1.93373255856654        17.3318283081037     
   1.93373255856654        21.9415558471718     
   1.93373255856654        29.2302340698370     
   1.94169030572113        17.4020740356428     
   1.94169030572113        17.4847344360335     
   1.94169030572113        22.0462941284219     
   1.94169030572113        29.4404944458138     
   1.94964805287573        17.5825057983383     
   1.94964805287573        17.6377973022447     
   1.94964805287573        22.1515698852580     
   1.94964805287573        29.6501290893687     
   1.95760580003032        17.7591388549792     
   1.95760580003032        17.7910138549792     
   1.95760580003032        22.2574118042034     
   1.95760580003032        29.8591326294080     
   1.96556354718492        17.9322484741200     
   1.96556354718492        17.9443796997060     
   1.96556354718492        22.3638504028364     
   1.96556354718492        30.0675011596817     
   1.97352129433951        18.0978886108390     
   1.97352129433951        18.1020836791984     
   1.97352129433951        22.4709175415084     
   1.97352129433951        30.2752318725726     
   1.98147904149411        18.2515325317376     
   1.98147904149411        18.2688703002923     
   1.98147904149411        22.5786470336960     
   1.98147904149411        30.4823230590963     
   1.98943678864870        18.4053016967769     
   1.98943678864870        18.4328140258784     
   1.98943678864870        22.6870746460008     
   1.98943678864870        30.6887739868309     
   1.99739453580330        18.5591841430661     
   1.99739453580330        18.5941024780271     
   1.99739453580330        22.7962380981494     
   1.99739453580330        30.8945848999171     
   2.00535228295789        18.7131657104491     
   2.00535228295789        18.7529075317382     
   2.00535228295789        22.9061766967824     
   2.00535228295789        31.0997568969877     
   2.01331003011249       0.656830383300782     
   2.01331003011249        18.8672301635743     
   2.01331003011249        18.9093866577150     
   2.01331003011249        23.0169324340872     
   2.01331003011249        31.3042914428864     
   2.02126777726708        1.66025543212883     
   2.02126777726708        19.0213585815432     
   2.02126777726708        19.0636848754886     
   2.02126777726708        23.1285488891654     
   2.02126777726708        31.5081911010897     
   2.02922552442167        2.27214996337877     
   2.02922552442167        19.1755297241215     
   2.02922552442167        19.2159357299810     
   2.02922552442167        23.2410724487359     
   2.02922552442167        31.7114589233556     
   2.03718327157627        2.76551055908184     
   2.03718327157627        19.3297192993171     
   2.03718327157627        19.3662626342780     
   2.03718327157627        23.3545510864313     
   2.03718327157627        31.9140983276527     
   2.04514101873086        3.19542242431617     
   2.04514101873086        19.4839006958016     
   2.04514101873086        19.5147798461923     
   2.04514101873086        23.4690357055721     
   2.04514101873086        32.1161134643713     
   2.05309876588546        3.58454547119112     
   2.05309876588546        19.6380441284190     
   2.05309876588546        19.6615932006846     
   2.05309876588546        23.5845790405332     
   2.05309876588546        32.3175086059724     
   2.06105651304005        3.94476568603483     
   2.06105651304005        19.7921170043957     
   2.06105651304005        19.8068008422864     
   2.06105651304005        23.7012363891661     
   2.06105651304005        32.5182886352688     
   2.06901426019465        4.28320892333961     
   2.06901426019465        19.9460836792006     
   2.06901426019465        19.9504945678725     
   2.06901426019465        23.8190650024475     
   2.06901426019465        32.7184586792137     
   2.07697200734924        4.60453131103503     
   2.07697200734924        20.0927595825211     
   2.07697200734924        20.0999052124039     
   2.07697200734924        23.9381246948305     
   2.07697200734924        32.9180242309710     
   2.08492975450384        4.91196539306638     
   2.08492975450384        20.2336753540057     
   2.08492975450384        20.2535401000994     
   2.08492975450384        24.0584772338931     
   2.08492975450384        33.1169909057752     
   2.09288750165843        5.20785906982429     
   2.09288750165843        20.3733165893574     
   2.09288750165843        20.4069434204121     
   2.09288750165843        24.1801860961980     
   2.09288750165843        33.3153648071420     
   2.10084524881303        5.49397906494158     
   2.10084524881303        20.5117527465841     
   2.10084524881303        20.5600676879904     
   2.10084524881303        24.3033168335028     
   2.10084524881303        33.5131519165165     
   2.10880299596762        5.77169244384792     
   2.10880299596762        20.6490493774437     
   2.10880299596762        20.7128619995141     
   2.10880299596762        24.4279364624092     
   2.10880299596762        33.7103584594848     
   2.11676074312222        6.04208209228551     
   2.11676074312222        20.7852678833032     
   2.11676074312222        20.8652736206080     
   2.11676074312222        24.5541132202219     
   2.11676074312222        33.9069909057734     
   2.12471849027681        6.30602276611372     
   2.12471849027681        20.9204660034206     
   2.12471849027681        21.0172466430691     
   2.12471849027681        24.6819161987377     
   2.12471849027681        34.1030558471792     
   2.13267623743141        6.56423260498100     
   2.13267623743141        21.0546980590848     
   2.13267623743141        21.1687235717802     
   2.13267623743141        24.8114151001050     
   2.13267623743141        34.2985597534287     
   2.14063398458600        6.81730987548889     
   2.14063398458600        21.1880154418974     
   2.14063398458600        21.3196449584992     
   2.14063398458600        24.9426796264723     
   2.14063398458600        34.4935095825298     
   2.14859173174060        7.06575909423898     
   2.14859173174060        21.3204666137726     
   2.14859173174060        21.4699497680697     
   2.14859173174060        25.0757791137772     
   2.14859173174060        34.6879119262794     
   2.15654947889519        7.31001043701250     
   2.15654947889519        21.4520973510775     
   2.15654947889519        21.6195764770542     
   2.15654947889519        25.2107816772539     
   2.15654947889519        34.8817736206149     
   2.16450722604979        7.55043475341882     
   2.16450722604979        21.5829509887729     
   2.16450722604979        21.7684627075231     
   2.16450722604979        25.3477542114338     
   2.17246497320438        7.78735394287203     
   2.17246497320438        21.7130689086950     
   2.17246497320438        21.9165465698280     
   2.17246497320438        25.4867608032308     
   2.18042272035898        8.02104998779397     
   2.18042272035898        21.8424899292029     
   2.18042272035898        22.0637669067423     
   2.18042272035898        25.6278628540122     
   2.18838046751357        8.25177178955165     
   2.18838046751357        21.9712512817422     
   2.18838046751357        22.2100639038128     
   2.18838046751357        25.7711182251062     
   2.19633821466817        8.47974017334058     
   2.19633821466817        22.0993883667032     
   2.19633821466817        22.3553796997114     
   2.19633821466817        25.9165801391688     
   2.20429596182276        8.70515264892639     
   2.20429596182276        22.2269349975628     
   2.20429596182276        22.4996594848678     
   2.20429596182276        26.0642968139737     
   2.21225370897736        8.92818658447315     
   2.21225370897736        22.3539231567426     
   2.21225370897736        22.6428512573289     
   2.21225370897736        26.2143106079192     
   2.22021145613195        9.14900201416052     
   2.22021145613195        22.4803837280318     
   2.22021145613195        22.7849074096728     
   2.22021145613195        26.3666577758881     
   2.22816920328655        9.36774456787134     
   2.22816920328655        22.6063461303757     
   2.22816920328655        22.9257843627980     
   2.22816920328655        26.5213674926852     
   2.23612695044114        9.58454656982434     
   2.23612695044114        22.7318385620165     
   2.23612695044114        23.0654439086966     
   2.23612695044114        26.6784616088963     
   2.24408469759574        9.79952947998048     
   2.24408469759574        22.8568882446339     
   2.24408469759574        23.2038527221733     
   2.24408469759574        26.8379542846778     
   2.25204244475033        10.0128046264647     
   2.25204244475033        22.9815210571340     
   2.25204244475033        23.3409832153376     
   2.25204244475033        26.9998513794045     
   2.26000019190493        10.2244750366209     
   2.26000019190493        23.1057622680717     
   2.26000019190493        23.4768137817440     
   2.26000019190493        27.1641511840922     
   2.26795793905952        10.4346359252926     
   2.26795793905952        23.2296359252984     
   2.26795793905952        23.6113284301817     
   2.26795793905952        27.3308433227643     
   2.27591568621412        10.6433756713863     
   2.27591568621412        23.3531653442438     
   2.27591568621412        23.7445171508849     
   2.27591568621412        27.4999094848739     
   2.28387343336871        10.8507766723627     
   2.28387343336871        23.4763731079159     
   2.28387343336871        23.8763759155335     
   2.28387343336871        27.6713236694444     
   2.29183118052331        11.0569160766595     
   2.29183118052331        23.5992810669004     
   2.29183118052331        24.0069058227603     
   2.29183118052331        27.8450521850696     
   2.29978892767790        11.2618660278312     
   2.29978892767790        23.7219104614318     
   2.29978892767790        24.1361138305729     
   2.29978892767790        28.0210542602652     
   2.30774667483250        11.4656942749014     
   2.30774667483250        23.8442817993226     
   2.30774667483250        24.2640115356512     
   2.30774667483250        28.1992824096795     
   2.31570442198709        11.6684647827138     
   2.31570442198709        23.9664152221743     
   2.31570442198709        24.3906150512764     
   2.31570442198709        28.3796830444453     
   2.32366216914169        11.8702378540028     
   2.32366216914169        24.0883301391666     
   2.32366216914169        24.5159447631906     
   2.32366216914169        28.5621970825315     
   2.33161991629628        12.0710704956042     
   2.33161991629628        24.2100455932683     
   2.33161991629628        24.6400245971751     
   2.33161991629628        28.7467605590942     
   2.33957766345088        12.2710171508775     
   2.33957766345088        24.3315801391669     
   2.33957766345088        24.7628820190502     
   2.33957766345088        28.9333053588991     
   2.34753541060547        12.4701292114243     
   2.34753541060547        24.4529522094796     
   2.34753541060547        24.8845465698316     
   2.34753541060547        29.1217597046025     
   2.35549315776007        12.6684555053695     
   2.35549315776007        24.5741796264719     
   2.35549315776007        25.0050507202224     
   2.35549315776007        29.3120488891730     
   2.36345090491466        12.8660431518538     
   2.36345090491466        24.6952798461986     
   2.36345090491466        25.1244284057694     
   2.36345090491466        29.5040957641732     
   2.37140865206926        2.82055633544902     
   2.37140865206926        13.0629367065412     
   2.37140865206926        24.8162702026441     
   2.37140865206926        25.2427147827227     
   2.37140865206926        29.6978217163219     
   2.37936639922385        5.47442449951188     
   2.37936639922385        13.2591791381817     
   2.37936639922385        24.9371676635817     
   2.37936639922385        25.3599463501057     
   2.37936639922385        29.8931467895643     
   2.38732414637844        7.04565838623116     
   2.38732414637844        13.4548113403300     
   2.38732414637844        25.0579891967850     
   2.38732414637844        25.4761602172933     
   2.38732414637844        30.0899905395646     
   2.39528189353304        8.22711956787197     
   2.39528189353304        13.6498728637674     
   2.39528189353304        25.1787514038164     
   2.39528189353304        25.5913933715903     
   2.39528189353304        30.2882720337054     
   2.40323964068763        9.19278839111363     
   2.40323964068763        13.8444015502907     
   2.40323964068763        25.2994706420978     
   2.40323964068763        25.7056835327233     
   2.40323964068763        30.4879110717916     
   2.41119738784223        10.0181840209960     
   2.41119738784223        14.0384340209938     
   2.41119738784223        25.4201633911214     
   2.41119738784223        25.8190676879969     
   2.41119738784223        30.6888276977684     
   2.41915513499682        10.7438860473628     
   2.41915513499682        14.2320054321265     
   2.41915513499682        25.5408458862387     
   2.41915513499682        25.9315824585048     
   2.41915513499682        30.8909431762843     
   2.42711288215142        11.3945244750968     
   2.42711288215142        14.4251497192357     
   2.42711288215142        25.6615342407310     
   2.42711288215142        26.0432642212003     
   2.42711288215142        31.0941799926908     
   2.43507062930601        11.9862997436511     
   2.43507062930601        14.6178995971653     
   2.43507062930601        25.7822446899499     
   2.43507062930601        26.1541483764738     
   2.43507062930601        31.2984623413239     
   2.44302837646061        12.5304992065415     
   2.44302837646061        14.8102866821261     
   2.44302837646061        25.9029933471766     
   2.44302837646061        26.2642692260833     
   2.44302837646061        31.5037158813632     
   2.45098612361520        13.0353357543927     
   2.45098612361520        15.0023417358370     
   2.45098612361520        26.0237960815518     
   2.45098612361520        26.3736605835054     
   2.45098612361520        31.7098685913244     
   2.45894387076980        13.5069931030253     
   2.45894387076980        15.1940942993134     
   2.45894387076980        26.1446693725676     
   2.45894387076980        26.4823549194430     
   2.45894387076980        31.9168504028481     
   2.46690161792439        13.9502559204079     
   2.46690161792439        15.3855729370086     
   2.46690161792439        26.2656292114349     
   2.46690161792439        26.5903837280369     
   2.46690161792439        32.1245933227697     
   2.47485936507899        14.3689122924779     
   2.47485936507899        15.5768053588835     
   2.47485936507899        26.3866918335054     
   2.47485936507899        26.6977774047948     
   2.47485936507899        32.3330320434724     
   2.48281711223358        14.7660178832980     
   2.48281711223358        15.7678182983365     
   2.48281711223358        26.5078737182711     
   2.48281711223358        26.8045652465918     
   2.48281711223358        32.5421032104641     
   2.49077485938818        15.1440786743135     
   2.49077485938818        15.9586377563442     
   2.49077485938818        26.6291912231541     
   2.49077485938818        26.9107753295997     
   2.49077485938818        32.7517463989401     
   2.49873260654277        15.5051779174773     
   2.49873260654277        16.1492887573210     
   2.49873260654277        26.7506610717871     
   2.49873260654277        27.0164346313577     
   2.49873260654277        32.9619031372209     
   2.50669035369737        15.8510691528287     
   2.50669035369737        16.3397954711884     
   2.50669035369737        26.8723001098731     
   2.50669035369737        27.1215690307719     
   2.51464810085196        16.1832442016570     
   2.51464810085196        16.5301810913058     
   2.51464810085196        26.9941250610452     
   2.51464810085196        27.2262030639751     
   2.52260584800656        16.5029839477511     
   2.52260584800656        16.7204682006810     
   2.52260584800656        27.1161532592875     
   2.52260584800656        27.3303606567487     
   2.53056359516115        16.8113973998999     
   2.53056359516115        16.9106784057594     
   2.53056359516115        27.2384020385845     
   2.53056359516115        27.4340643921004     
   2.53056359516115        33.8065888061643     
   2.53852134231575        17.1008323364237     
   2.53852134231575        17.1094523315409     
   2.53852134231575        27.3608892212019     
   2.53852134231575        27.5373357544052     
   2.53852134231575        34.0185265503044     
   2.54647908947034        17.2909498901349     
   2.54647908947034        17.3979989624006     
   2.54647908947034        27.4836323852645     
   2.54647908947034        27.6401952514756     
   2.54647908947034        34.2306797485461     
   2.55443683662494        17.4810501098617     
   2.55443683662494        17.6777882690416     
   2.55443683662494        27.6066500854600     
   2.55443683662494        27.7426629028430     
   2.55443683662494        34.4430068969831     
   2.56239458377953        17.6711508178697     
   2.56239458377953        17.9494878540029     
   2.56239458377953        27.7299606323351     
   2.56239458377953        27.8447571411243     
   2.56239458377953        34.6554686889748     
   2.57035233093413        17.8612691040027     
   2.57035233093413        18.2136941528313     
   2.57035233093413        27.8535828247181     
   2.57035233093413        27.9464960327260     
   2.57035233093413        34.8680280151462     
   2.57831007808872        18.0514212036124     
   2.57831007808872        18.4709418334957     
   2.57831007808872        27.9775359497182     
   2.57831007808872        28.0478965454214     
   2.58626782524332        18.2416220092767     
   2.58626782524332        18.7217130737304     
   2.58626782524332        28.1018395385856     
   2.58626782524332        28.1489750366325     
   2.59422557239791        18.4318855590816     
   2.59422557239791        18.9664437866213     
   2.59422557239791        28.2265134887810     
   2.59422557239791        28.2497468872186     
   2.60218331955251        18.6222246704099     
   2.60218331955251        19.2055298461919     
   2.60218331955251        28.3515780639765     
   2.61014106670710        18.8126510620117     
   2.61014106670710        19.4393316040047     
   2.61014106670710        28.4504293823360     
   2.61014106670710        28.4770541381954     
   2.61809881386170        19.0031751098635     
   2.61809881386170        19.6681782836925     
   2.61809881386170        28.5503676147580     
   2.61809881386170        28.6029625854612     
   2.62605656101629        19.1938062133794     
   2.62605656101629        19.8923717651380     
   2.62605656101629        28.6500545044066     
   2.62605656101629        28.7293253784301     
   2.63401430817089        19.3845520629890     
   2.63401430817089        20.1121889038102     
   2.63401430817089        28.7495022583129     
   2.63401430817089        28.8561643676881     
   2.64197205532548        19.5754192504892     
   2.64197205532548        20.3278849487323     
   2.64197205532548        28.8487227172974     
   2.64197205532548        28.9835020141726     
   2.64992980248008        19.7664127807629     
   2.64992980248008        20.5396953735373     
   2.64992980248008        28.9477268676882     
   2.64992980248008        29.1113613891728     
   2.65788754963467        19.9575361938491     
   2.65788754963467        20.7478380737328     
   2.65788754963467        29.0465256958133     
   2.65788754963467        29.2397660522588     
   2.66584529678927        20.1487911987321     
   2.66584529678927        20.9525147094753     
   2.66584529678927        29.1451293335087     
   2.66584529678927        29.3687398071418     
   2.67380304394386        20.3401781616230     
   2.67380304394386        21.1539127807646     
   2.67380304394386        29.2435475463995     
   2.67380304394386        29.4983073120248     
   2.68176079109846        20.5316956176779     
   2.68176079109846        21.3522066040070     
   2.68176079109846        29.3417897338996     
   2.68176079109846        29.6284933471812     
   2.68971853825305        20.7233401489281     
   2.68971853825305        21.5475586547885     
   2.68971853825305        29.4398650512825     
   2.68971853825305        29.7593234253064     
   2.69767628540765        20.9151067504909     
   2.69767628540765        21.7401206665075     
   2.69767628540765        29.5377819213998     
   2.69767628540765        29.8908235473768     
   2.70563403256224        21.1069880981473     
   2.70563403256224        21.9300341186562     
   2.70563403256224        29.6355488891734     
   2.70563403256224        30.0230199585098     
   2.71359177971684        21.2989752807648     
   2.71359177971684        22.1174319458048     
   2.71359177971684        29.7331737671032     
   2.71359177971684        30.1559397583147     
   2.72154952687143        21.4910569458041     
   2.72154952687143        22.3024382934613     
   2.72154952687143        29.8306642456189     
   2.72154952687143        30.2896100464008     
   2.72950727402603        21.6832200317418     
   2.72950727402603        22.4851699829147     
   2.72950727402603        29.9280278930800     
   2.72950727402603        30.4240588989400     
   2.73746502118062        21.8754490356483     
   2.73746502118062        22.6657367553758     
   2.73746502118062        30.0252716674942     
   2.73746502118062        30.5593141479636     
   2.74542276833522        22.0677263793985     
   2.74542276833522        22.8442416381885     
   2.74542276833522        30.1224025268693     
   2.74542276833522        30.6954046020653     
   2.75338051548981        22.2600321655316     
   2.75338051548981        23.0207821655325     
   2.75338051548981        30.2194270630022     
   2.75338051548981        30.8323591919092     
   2.76133826264440        22.4523444213912     
   2.76133826264440        23.1954497680718     
   2.76133826264440        30.3163517456195     
   2.76133826264440        30.9702068481594     
   2.76929600979900        22.6446386108445     
   2.76929600979900        23.3683312377985     
   2.76929600979900        30.4131826782368     
   2.76929600979900        31.1089773559721     
   2.77725375695359        22.8368884887745     
   2.77725375695359        23.5395082397519     
   2.77725375695359        30.5099262085104     
   2.77725375695359        31.2487001342926     
   2.78521150410819        23.0290648803763     
   2.78521150410819        23.7090584106505     
   2.78521150410819        30.6065878296043     
   2.78521150410819        31.3894050903474     
   2.79316925126278        23.2211370239312     
   2.79316925126278        23.8770548706117     
   2.79316925126278        30.7031735229638     
   2.79316925126278        31.5311220092929     
   2.80112699841738        23.4130717163142     
   2.80112699841738        24.0435671997134     
   2.80112699841738        30.7996885376123     
   2.80112699841738        31.6738810424962     
   2.80908474557197        23.6048336792051     
   2.80908474557197        24.2086614379949     
   2.80908474557197        30.8961386108546     
   2.80908474557197        31.8177116089026     
   2.81704249272657        23.7963856811584     
   2.81704249272657        24.3724000854560     
   2.81704249272657        30.9925287475735     
   2.81704249272657        31.9626436157387     
   2.82500023988116        23.9876884155337     
   2.82500023988116        24.5348427124093     
   2.82500023988116        31.0888641967924     
   2.82500023988116        32.1087063598791     
   2.83295798703576        24.1787008667058     
   2.83295798703576        24.6960459594799     
   2.83295798703576        31.1851500854644     
   2.83295798703576        32.2559287719882     
   2.84091573419035        24.3693806762763     
   2.84091573419035        24.8560637817457     
   2.84091573419035        31.2813911743317     
   2.84091573419035        32.4043394165191     
   2.84887348134495        24.5596832885813     
   2.84887348134495        25.0149475708084     
   2.84887348134495        31.3775924682771     
   2.84887348134495        32.5539661255031     
   2.85683122849954        24.7495635376049     
   2.85683122849954        25.1727462768633     
   2.85683122849954        31.4737587280428     
   2.85683122849954        32.7048362426903     
   2.86478897565414        24.9389745483473     
   2.86478897565414        25.3295067749103     
   2.86478897565414        31.5698947143711     
   2.86478897565414        32.8569761352680     
   2.87274672280873        25.1278687133866     
   2.87274672280873        25.4852737426839     
   2.87274672280873        31.6660049438634     
   2.87274672280873        33.0104110717911     
   2.88070446996333        25.3161976928791     
   2.88070446996333        25.6400899047935     
   2.88070446996333        31.7620940551916     
   2.88070446996333        33.1651653442517     
   2.88866221711792        25.5039125366293     
   2.88866221711792        25.7939960327234     
   2.88866221711792        31.8581666870277     
   2.88866221711792        33.3212620239388     
   2.89661996427252        25.6909640503014     
   2.89661996427252        25.9470313110439     
   2.89661996427252        31.9542272339028     
   2.89661996427252        33.4787225952275     
   2.90457771142711        25.8773030395594     
   2.90457771142711        26.0992332153409     
   2.90457771142711        32.0502802124184     
   2.90457771142711        33.6375673217897     
   2.91253545858171        26.0628805542081     
   2.91253545858171        26.2506377563568     
   2.91253545858171        32.1463302612463     
   2.91253545858171        33.7978146362424     
   2.92049320573630        26.2476481323333     
   2.92049320573630        26.4012793579194     
   2.92049320573630        32.2423816528476     
   2.92049320573630        33.9594810180780     
   2.92845095289090        26.4315578003023     
   2.92845095289090        26.5511911010837     
   2.92845095289090        32.3384389038239     
   2.92845095289090        34.1225813598745     
   2.93640870004549        26.6145629272556     
   2.93640870004549        26.7004049682714     
   2.93640870004549        32.4345064087065     
   2.93640870004549        34.2871281128038     
   2.94436644720009        26.7966181030371     
   2.94436644720009        26.8489514770606     
   2.94436644720009        32.5305888061672     
   2.94436644720009        34.4531317749127     
   2.95232419435468        26.9776790161233     
   2.95232419435468        26.9968599243264     
   2.95232419435468        32.6266904907373     
   2.95232419435468        34.6206006469827     
   2.96028194150928        27.1441588745219     
   2.96028194150928        27.1577036743266     
   2.96028194150928        32.7228161010887     
   2.96028194150928        34.7895405883885     
   2.96823968866387        3.76733184814423     
   2.96823968866387        27.2908754272565     
   2.96823968866387        27.3366514282331     
   2.96823968866387        32.8189700317525     
   2.96823968866387        34.9599546508881     
   2.97619743581847        5.42754840087906     
   2.97619743581847        27.4370360717879     
   2.97619743581847        27.5144844360458     
   2.97619743581847        32.9151569214007     
