347
0.31831 8.54066 0.0989596
0.31831 3.61105 0.0203786
0.326268 8.74744 0.0339
0.326268 3.69298 -0.00782203
0.334225 3.7447 -0.0176066
0.334225 8.80081 0.130621
0.342183 8.89242 0.0661345
0.342183 3.84268 0.00798951
0.350141 9.00935 0.0467744
0.350141 3.88626 -0.132913
0.366056 9.46498 -0.0608742
0.374014 9.6298 -0.00780335
0.374014 4.31716 -0.0672557
0.381972 9.73869 -0.0391773
0.381972 4.31828 -0.0585363
0.38993 9.95924 -0.0109932
0.38993 4.49197 -0.0757108
0.397887 4.50068 -0.0283527
0.397887 10.0557 0.000140788
0.405845 10.2461 0.00376131
0.413803 10.3126 0.00706747
0.421761 10.4657 -0.0133448
0.429718 10.5878 0.0492221
0.437676 10.7151 -0.0406286
0.445634 10.9043 0.00763084
0.453592 11.1011 -0.0376649
0.461549 11.2961 -0.0438146
0.469507 11.4424 0.0270707
0.477465 11.5126 0.0371761
0.485423 11.6387 -0.00588909
0.49338 11.8125 -0.0105753
0.501338 11.9503 -0.0368165
0.549085 6.22118 0.253953
0.557042 6.40694 0.118155
0.580916 13.4294 -0.0275296
0.588873 13.5532 0.0193982
0.596831 13.6729 0.075099
0.604789 13.7526 -0.0113699
0.612747 13.93 -0.113171
0.620704 14.1296 -0.0614015
0.628662 14.2815 0.010969
0.628662 1.81046 0.258444
0.63662 2.0196 0.182817
0.63662 14.4477 -0.0268064
0.644578 2.31925 0.154379
0.652535 2.59748 0.130418
0.652535 14.7182 0.0143018
0.660493 2.79979 0.122212
0.660493 14.8431 -0.0367285
0.668451 2.99325 0.103962
0.668451 15.0457 -0.0359342
0.676409 3.23507 0.0882682
0.676409 15.2004 0.00335966
0.684366 15.3366 0.00256146
0.692324 15.5324 0.000227463
0.692324 3.58957 0.124359
0.700282 3.76188 0.0753918
0.700282 15.6788 1.50503e-05
0.708239 15.8251 0.00659105
0.716197 4.10096 0.0416371
0.716197 15.9748 0.00395845
0.724155 4.28249 -0.0690369
0.724155 8.67591 0.106942
0.724155 16.0859 -0.0113566
0.732113 16.2075 0.0036359
0.732113 8.82939 0.060052
0.74007 8.94707 0.0795577
0.74007 16.4046 0.000909118
0.748028 16.5514 -0.0248459
0.748028 9.03942 0.0472934
0.755986 9.17366 0.0618604
0.755986 16.7142 -0.0188784
0.763944 9.28728 0.0705745
0.763944 16.8612 -0.0218419
0.771901 17.0242 -0.0213551
0.771901 9.39042 0.0368539
0.779859 9.55393 0.00546791
0.779859 17.1884 -0.021897
0.787817 9.65004 0.015304
0.787817 17.3473 -0.0323034
0.795775 9.84371 -0.0455815
0.795775 17.4991 -0.0113955
0.803732 10.0784 -0.0412417
0.803732 17.64 0.00156596
0.81169 5.92541 0.0882816
0.81169 10.239 -0.0147144
0.81169 17.7844 -0.0341893
0.819648 17.946 -0.0484294
0.819648 10.4165 -0.023169
0.819648 6.14869 0.0768552
0.827606 18.1219 -0.0361305
0.827606 10.5844 -0.0304785
0.835563 10.8084 -0.0424146
0.835563 18.282 -0.01565
0.843521 11.0557 -0.0222954
0.843521 18.4455 0.0135939
0.843521 6.61826 0.13105
0.851479 11.2727 0.000866368
0.851479 18.5854 0.0456284
0.859437 11.5167 0.0374594
0.859437 18.7079 0.0615436
0.859437 6.85114 0.187917
0.867394 11.7494 0.0888475
0.867394 18.8556 0.0497277
0.875352 11.8932 0.122633
0.875352 19.0049 0.0588187
0.88331 19.1407 0.0574851
0.88331 12.1035 0.133292
0.891268 19.2873 0.0524441
0.891268 12.534 0.0881644
0.899225 12.8515 0.0344913
0.899225 19.4431 0.059959
0.907183 13.1111 0.0210504
0.907183 19.5835 0.103345
0.907183 7.42597 0.107364
0.915141 13.4569 -0.0114071
0.915141 19.6685 0.0582973
0.923099 13.7459 0.0181383
0.923099 19.8272 0.0114264
0.931056 20.0012 -0.0151816
0.931056 14.0149 0.0444485
0.939014 20.1667 -0.0148409
0.939014 14.4314 0.0693947
0.946972 20.3527 -0.010857
0.95493 20.5183 0.00951784
0.95493 14.7552 -0.0211316
0.962887 20.6561 0.0203872
0.962887 15.0907 -0.0412924
0.970845 15.4145 0.0964446
0.970845 20.8362 0.0215462
0.978803 15.8617 0.0763656
0.978803 20.9894 0.0371339
0.986761 16.1378 0.0651936
0.986761 21.1416 0.0245879
0.994718 21.2935 0.0248251
0.994718 16.4088 0.0397465
1.00268 9.35401 0.179632
1.00268 16.711 0.0178507
1.00268 21.456 0.0310775
1.01063 16.9241 -0.025354
1.01063 21.5769 0.0293605
1.01063 9.59819 0.216545
1.01859 9.72621 0.154226
1.01859 17.1662 0.0547353
1.01859 21.7147 0.0203265
1.02655 21.8695 0.00537064
1.02655 17.3621 0.117617
1.02655 9.87522 0.263115
1.03451 22.0484 -0.00622685
1.03451 17.6077 0.169252
1.04246 22.2186 0.012844
1.04246 18.1067 0.311072
1.04246 9.65495 0.484069
1.05042 22.378 0.0301158
1.05042 18.3817 0.179974
1.05042 9.695 0.117474
1.05838 22.5257 0.0412537
1.05838 18.6617 0.102957
1.06634 22.6791 0.0391264
1.0743 22.827 0.0435783
1.08225 22.978 0.0463729
1.09021 18.5919 0.243689
1.09021 23.1306 0.0460098
1.09817 23.279 0.0531536
1.09817 18.7945 -0.0111933
1.10613 23.424 0.0794084
1.10613 19.1216 -0.0760321
1.11408 19.9185 -0.117191
1.11408 23.567 0.0471385
1.12204 20.0097 0.179794
1.12204 23.7014 0.0562242
1.13 23.868 0.0429499
1.13 20.2498 0.116384
1.13796 20.4809 0.122808
1.13796 24.0453 0.0425161
1.14592 20.9123 -0.0340573
1.14592 24.2531 0.0836524
1.15387 21.2745 0.0472627
1.15387 24.3993 0.102997
1.16183 21.4735 0.164681
1.16183 24.5239 0.100331
1.16979 21.7476 0.155698
1.16979 24.6728 0.113558
1.17775 21.8709 0.207732
1.17775 24.7918 0.0886177
1.1857 22.113 0.18084
1.1857 24.9856 0.060512
1.19366 22.4358 0.17903
1.19366 25.1935 0.0748024
1.20162 12.3845 0.0964558
1.20162 22.6496 0.20655
1.20162 25.3541 0.0757017
1.20958 25.554 0.0913756
1.20958 22.7751 0.407286
1.20958 12.5479 0.20241
1.21754 25.7462 0.126939
1.21754 12.689 0.224297
1.22549 25.9049 0.136824
1.22549 23.1442 0.0735788
1.22549 12.9073 0.268994
1.23345 26.0339 0.148625
1.23345 23.4205 0.212619
1.23345 13.0402 0.446423
1.24141 26.2002 0.158093
1.24141 23.5655 0.222543
1.24141 13.04 0.473817
1.24937 13.1377 0.320698
1.24937 26.3368 0.153155
1.25732 13.2643 0.104397
1.25732 26.508 0.140675
1.26528 13.3835 0.0110128
1.26528 26.7096 0.138025
1.27324 13.5081 0.024687
1.27324 24.5708 0.20887
1.27324 26.8904 0.152518
1.2812 13.6595 0.0193364
1.2812 3.86093 -0.019528
1.2812 24.7367 0.113587
1.2812 27.0371 0.114806
1.28916 13.7342 -0.0140627
1.28916 24.8958 0.127463
1.28916 27.3005 0.192413
1.28916 4.08086 -0.00440938
1.29711 13.9576 -0.054853
1.29711 25.0166 0.0636335
1.29711 27.4274 0.17838
1.29711 4.29403 0.0301151
1.30507 25.2597 -0.046933
1.30507 27.605 0.158512
1.30507 14.1314 -0.00204171
1.30507 4.53772 0.0576956
1.31303 27.7535 0.131709
1.31303 25.5008 -0.0323754
1.31303 14.2587 0.105846
1.31303 4.74471 0.077883
1.32099 4.93371 0.0958987
1.32099 14.4242 0.132079
1.32099 27.975 0.154784
1.32894 14.549 0.0983637
1.32894 5.12213 0.0999937
1.3369 14.6108 0.0901972
1.3369 5.31819 0.105963
1.34486 14.7587 0.0354516
1.34486 5.50668 0.143183
1.35282 14.9058 -0.0396159
1.35282 5.6588 0.172595
1.36077 14.949 -0.0975457
1.36077 5.8145 0.168514
1.36873 15.0403 -0.0594259
1.36873 5.98852 0.150796
1.37669 15.1669 -0.0815114
1.37669 6.17968 0.141012
1.38465 15.3178 -0.0601313
1.38465 6.36469 0.14563
1.39261 15.4455 -0.0404389
1.39261 6.52925 0.154066
1.40056 15.6113 -0.021905
1.40056 6.70094 0.158012
1.40852 6.88075 0.151411
1.40852 15.7486 -0.00304711
1.41648 7.06226 0.157318
1.41648 15.8723 0.00291917
1.42444 16.0568 -0.00181416
1.42444 7.23456 0.165515
1.43239 16.1407 0.0183614
1.43239 7.3972 0.180642
1.44035 16.148 0.0859724
1.44035 7.55271 0.2061
1.44831 7.69911 0.213254
1.45627 16.8389 0.197531
1.45627 7.84252 0.211837
1.46423 8.00458 0.194525
1.46423 17.0145 0.135692
1.47218 17.2114 0.0514395
1.47218 8.18393 0.178558
1.48014 17.4605 0.17595
1.48014 8.35221 0.174218
1.4881 8.5235 0.165087
1.49606 8.69271 0.133618
1.55176 18.8718 0.331357
1.55972 19.0083 0.315544
1.56768 19.2695 0.334251
1.56768 10.1076 0.111151
1.57563 19.4588 0.341468
1.57563 10.2399 0.136336
1.58359 10.4148 0.165584
1.58359 19.6349 0.292017
1.59155 19.8366 0.281218
1.59155 10.575 0.180898
1.59951 20.0049 0.402852
1.59951 10.7249 0.174298
1.60746 20.22 0.478379
1.60746 10.8505 0.224675
1.61542 10.9796 0.256016
1.61542 20.4225 0.456124
1.62338 11.1326 0.247946
1.62338 20.6706 0.441272
1.63134 11.3066 0.243076
1.63134 20.8493 0.442109
1.6393 11.514 0.281612
1.6393 18.4062 0.404929
1.6393 20.9998 0.447237
1.64725 11.7289 0.268402
1.64725 21.1439 0.488703
1.65521 21.4869 0.445392
1.65521 11.838 0.278656
1.66317 21.7086 0.416588
1.66317 12.0194 0.299466
1.67113 21.8585 0.446399
1.67113 12.1998 0.377932
1.67908 22.1339 0.319047
1.67908 12.3433 0.384406
1.68704 12.4124 0.414714
1.68704 22.1607 0.258963
1.695 12.4872 0.362601
1.695 22.6028 0.393153
1.70296 12.6015 0.354368
1.71092 12.7528 0.335023
1.71887 12.9718 0.339229
1.72683 13.1199 0.326463
1.77458 19.7135 0.348872
1.79049 14.255 0.357978
1.79845 14.3884 0.554748
1.80641 14.5964 0.30588
1.80641 20.2477 0.287256
1.81437 14.7887 0.233793
1.83824 15.264 0.512997
1.83824 13.678 -0.0947263
1.8462 14.0854 -0.0925801
1.8462 15.5012 0.656268
1.85416 15.4911 0.661948
1.88599 16.5877 0.412736
2.06106 2.94105 0.150638
2.07697 3.62441 0.464108
2.08095 23.9423 0.898477
2.09289 3.93217 -0.0865468
2.10085 4.28646 -0.208462
2.10482 4.41168 -0.136441
2.11278 4.69348 -0.233214
2.11676 4.72688 -0.150281
2.11676 24.3252 0.482699
2.12074 4.97303 -0.181802
2.12472 5.20579 -0.203239
2.1287 5.32971 -0.269973
2.13666 5.88503 -0.29212
2.14063 5.92227 -0.192196
2.14461 6.01807 -0.105515
