2500
   0.0000000e+00
   6.4000000e-08
   1.2800000e-07
   1.9200000e-07
   2.5600000e-07
   3.2000000e-07
   3.8400000e-07
   4.4800000e-07
   5.1200000e-07
   5.7600000e-07
   6.4000000e-07
   7.0400000e-07
   7.6800000e-07
   8.3200000e-07
   8.9600000e-07
   9.6000000e-07
   1.0240000e-06
   1.0880000e-06
   1.1520000e-06
   1.2160000e-06
   1.2800000e-06
   1.3440000e-06
   1.4080000e-06
   1.4720000e-06
   1.5360000e-06
   1.6000000e-06
   1.6640000e-06
   1.7280000e-06
   1.7920000e-06
   1.8560000e-06
   1.9200000e-06
   1.9840000e-06
   2.0480000e-06
   2.1120000e-06
   2.1760000e-06
   2.2400000e-06
   2.3040000e-06
   2.3680000e-06
   2.4320000e-06
   2.4960000e-06
   2.5600000e-06
   2.6240000e-06
   2.6880000e-06
   2.7520000e-06
   2.8160000e-06
   2.8800000e-06
   2.9440000e-06
   3.0080000e-06
   3.0720000e-06
   3.1360000e-06
   3.2000000e-06
   3.2640000e-06
   3.3280000e-06
   3.3920000e-06
   3.4560000e-06
   3.5200000e-06
   3.5840000e-06
   3.6480000e-06
   3.7120000e-06
   3.7760000e-06
   3.8400000e-06
   3.9040000e-06
   3.9680000e-06
   4.0320000e-06
   4.0960000e-06
   4.1600000e-06
   4.2240000e-06
   4.2880000e-06
   4.3520000e-06
   4.4160000e-06
   4.4800000e-06
   4.5440000e-06
   4.6080000e-06
   4.6720000e-06
   4.7360000e-06
   4.8000000e-06
   4.8640000e-06
   4.9280000e-06
   4.9920000e-06
   5.0560000e-06
   5.1200000e-06
   5.1840000e-06
   5.2480000e-06
   5.3120000e-06
   5.3760000e-06
   5.4400000e-06
   5.5040000e-06
   5.5680000e-06
   5.6320000e-06
   5.6960000e-06
   5.7600000e-06
   5.8240000e-06
   5.8880000e-06
   5.9520000e-06
   6.0160000e-06
   6.0800000e-06
   6.1440000e-06
   6.2080000e-06
   6.2720000e-06
   6.3360000e-06
   6.4000000e-06
   6.4640000e-06
   6.5280000e-06
   6.5920000e-06
   6.6560000e-06
   6.7200000e-06
   6.7840000e-06
   6.8480000e-06
   6.9120000e-06
   6.9760000e-06
   7.0400000e-06
   7.1040000e-06
   7.1680000e-06
   7.2320000e-06
   7.2960000e-06
   7.3600000e-06
   7.4240000e-06
   7.4880000e-06
   7.5520000e-06
   7.6160000e-06
   7.6800000e-06
   7.7440000e-06
   7.8080000e-06
   7.8720000e-06
   7.9360000e-06
   8.0000000e-06
   8.0640000e-06
   8.1280000e-06
   8.1920000e-06
   8.2560000e-06
   8.3200000e-06
   8.3840000e-06
   8.4480000e-06
   8.5120000e-06
   8.5760000e-06
   8.6400000e-06
   8.7040000e-06
   8.7680000e-06
   8.8320000e-06
   8.8960000e-06
   8.9600000e-06
   9.0240000e-06
   9.0880000e-06
   9.1520000e-06
   9.2160000e-06
   9.2800000e-06
   9.3440000e-06
   9.4080000e-06
   9.4720000e-06
   9.5360000e-06
   9.6000000e-06
   9.6640000e-06
   9.7280000e-06
   9.7920000e-06
   9.8560000e-06
   9.9200000e-06
   9.9840000e-06
   1.0048000e-05
   1.0112000e-05
   1.0176000e-05
   1.0240000e-05
   1.0304000e-05
   1.0368000e-05
   1.0432000e-05
   1.0496000e-05
   1.0560000e-05
   1.0624000e-05
   1.0688000e-05
   1.0752000e-05
   1.0816000e-05
   1.0880000e-05
   1.0944000e-05
   1.1008000e-05
   1.1072000e-05
   1.1136000e-05
   1.1200000e-05
   1.1264000e-05
   1.1328000e-05
   1.1392000e-05
   1.1456000e-05
   1.1520000e-05
   1.1584000e-05
   1.1648000e-05
   1.1712000e-05
   1.1776000e-05
   1.1840000e-05
   1.1904000e-05
   1.1968000e-05
   1.2032000e-05
   1.2096000e-05
   1.2160000e-05
   1.2224000e-05
   1.2288000e-05
   1.2352000e-05
   1.2416000e-05
   1.2480000e-05
   1.2544000e-05
   1.2608000e-05
   1.2672000e-05
   1.2736000e-05
   1.2800000e-05
   1.2864000e-05
   1.2928000e-05
   1.2992000e-05
   1.3056000e-05
   1.3120000e-05
   1.3184000e-05
   1.3248000e-05
   1.3312000e-05
   1.3376000e-05
   1.3440000e-05
   1.3504000e-05
   1.3568000e-05
   1.3632000e-05
   1.3696000e-05
   1.3760000e-05
   1.3824000e-05
   1.3888000e-05
   1.3952000e-05
   1.4016000e-05
   1.4080000e-05
   1.4144000e-05
   1.4208000e-05
   1.4272000e-05
   1.4336000e-05
   1.4400000e-05
   1.4464000e-05
   1.4528000e-05
   1.4592000e-05
   1.4656000e-05
   1.4720000e-05
   1.4784000e-05
   1.4848000e-05
   1.4912000e-05
   1.4976000e-05
   1.5040000e-05
   1.5104000e-05
   1.5168000e-05
   1.5232000e-05
   1.5296000e-05
   1.5360000e-05
   1.5424000e-05
   1.5488000e-05
   1.5552000e-05
   1.5616000e-05
   1.5680000e-05
   1.5744000e-05
   1.5808000e-05
   1.5872000e-05
   1.5936000e-05
   1.6000000e-05
   1.6064000e-05
   1.6128000e-05
   1.6192000e-05
   1.6256000e-05
   1.6320000e-05
   1.6384000e-05
   1.6448000e-05
   1.6512000e-05
   1.6576000e-05
   1.6640000e-05
   1.6704000e-05
   1.6768000e-05
   1.6832000e-05
   1.6896000e-05
   1.6960000e-05
   1.7024000e-05
   1.7088000e-05
   1.7152000e-05
   1.7216000e-05
   1.7280000e-05
   1.7344000e-05
   1.7408000e-05
   1.7472000e-05
   1.7536000e-05
   1.7600000e-05
   1.7664000e-05
   1.7728000e-05
   1.7792000e-05
   1.7856000e-05
   1.7920000e-05
   1.7984000e-05
   1.8048000e-05
   1.8112000e-05
   1.8176000e-05
   1.8240000e-05
   1.8304000e-05
   1.8368000e-05
   1.8432000e-05
   1.8496000e-05
   1.8560000e-05
   1.8624000e-05
   1.8688000e-05
   1.8752000e-05
   1.8816000e-05
   1.8880000e-05
   1.8944000e-05
   1.9008000e-05
   1.9072000e-05
   1.9136000e-05
   1.9200000e-05
   1.9264000e-05
   1.9328000e-05
   1.9392000e-05
   1.9456000e-05
   1.9520000e-05
   1.9584000e-05
   1.9648000e-05
   1.9712000e-05
   1.9776000e-05
   1.9840000e-05
   1.9904000e-05
   1.9968000e-05
   2.0032000e-05
   2.0096000e-05
   2.0160000e-05
   2.0224000e-05
   2.0288000e-05
   2.0352000e-05
   2.0416000e-05
   2.0480000e-05
   2.0544000e-05
   2.0608000e-05
   2.0672000e-05
   2.0736000e-05
   2.0800000e-05
   2.0864000e-05
   2.0928000e-05
   2.0992000e-05
   2.1056000e-05
   2.1120000e-05
   2.1184000e-05
   2.1248000e-05
   2.1312000e-05
   2.1376000e-05
   2.1440000e-05
   2.1504000e-05
   2.1568000e-05
   2.1632000e-05
   2.1696000e-05
   2.1760000e-05
   2.1824000e-05
   2.1888000e-05
   2.1952000e-05
   2.2016000e-05
   2.2080000e-05
   2.2144000e-05
   2.2208000e-05
   2.2272000e-05
   2.2336000e-05
   2.2400000e-05
   2.2464000e-05
   2.2528000e-05
   2.2592000e-05
   2.2656000e-05
   2.2720000e-05
   2.2784000e-05
   2.2848000e-05
   2.2912000e-05
   2.2976000e-05
   2.3040000e-05
   2.3104000e-05
   2.3168000e-05
   2.3232000e-05
   2.3296000e-05
   2.3360000e-05
   2.3424000e-05
   2.3488000e-05
   2.3552000e-05
   2.3616000e-05
   2.3680000e-05
   2.3744000e-05
   2.3808000e-05
   2.3872000e-05
   2.3936000e-05
   2.4000000e-05
   2.4064000e-05
   2.4128000e-05
   2.4192000e-05
   2.4256000e-05
   2.4320000e-05
   2.4384000e-05
   2.4448000e-05
   2.4512000e-05
   2.4576000e-05
   2.4640000e-05
   2.4704000e-05
   2.4768000e-05
   2.4832000e-05
   2.4896000e-05
   2.4960000e-05
   2.5024000e-05
   2.5088000e-05
   2.5152000e-05
   2.5216000e-05
   2.5280000e-05
   2.5344000e-05
   2.5408000e-05
   2.5472000e-05
   2.5536000e-05
   2.5600000e-05
   2.5664000e-05
   2.5728000e-05
   2.5792000e-05
   2.5856000e-05
   2.5920000e-05
   2.5984000e-05
   2.6048000e-05
   2.6112000e-05
   2.6176000e-05
   2.6240000e-05
   2.6304000e-05
   2.6368000e-05
   2.6432000e-05
   2.6496000e-05
   2.6560000e-05
   2.6624000e-05
   2.6688000e-05
   2.6752000e-05
   2.6816000e-05
   2.6880000e-05
   2.6944000e-05
   2.7008000e-05
   2.7072000e-05
   2.7136000e-05
   2.7200000e-05
   2.7264000e-05
   2.7328000e-05
   2.7392000e-05
   2.7456000e-05
   2.7520000e-05
   2.7584000e-05
   2.7648000e-05
   2.7712000e-05
   2.7776000e-05
   2.7840000e-05
   2.7904000e-05
   2.7968000e-05
   2.8032000e-05
   2.8096000e-05
   2.8160000e-05
   2.8224000e-05
   2.8288000e-05
   2.8352000e-05
   2.8416000e-05
   2.8480000e-05
   2.8544000e-05
   2.8608000e-05
   2.8672000e-05
   2.8736000e-05
   2.8800000e-05
   2.8864000e-05
   2.8928000e-05
   2.8992000e-05
   2.9056000e-05
   2.9120000e-05
   2.9184000e-05
   2.9248000e-05
   2.9312000e-05
   2.9376000e-05
   2.9440000e-05
   2.9504000e-05
   2.9568000e-05
   2.9632000e-05
   2.9696000e-05
   2.9760000e-05
   2.9824000e-05
   2.9888000e-05
   2.9952000e-05
   3.0016000e-05
   3.0080000e-05
   3.0144000e-05
   3.0208000e-05
   3.0272000e-05
   3.0336000e-05
   3.0400000e-05
   3.0464000e-05
   3.0528000e-05
   3.0592000e-05
   3.0656000e-05
   3.0720000e-05
   3.0784000e-05
   3.0848000e-05
   3.0912000e-05
   3.0976000e-05
   3.1040000e-05
   3.1104000e-05
   3.1168000e-05
   3.1232000e-05
   3.1296000e-05
   3.1360000e-05
   3.1424000e-05
   3.1488000e-05
   3.1552000e-05
   3.1616000e-05
   3.1680000e-05
   3.1744000e-05
   3.1808000e-05
   3.1872000e-05
   3.1936000e-05
   3.2000000e-05
   3.2064000e-05
   3.2128000e-05
   3.2192000e-05
   3.2256000e-05
   3.2320000e-05
   3.2384000e-05
   3.2448000e-05
   3.2512000e-05
   3.2576000e-05
   3.2640000e-05
   3.2704000e-05
   3.2768000e-05
   3.2832000e-05
   3.2896000e-05
   3.2960000e-05
   3.3024000e-05
   3.3088000e-05
   3.3152000e-05
   3.3216000e-05
   3.3280000e-05
   3.3344000e-05
   3.3408000e-05
   3.3472000e-05
   3.3536000e-05
   3.3600000e-05
   3.3664000e-05
   3.3728000e-05
   3.3792000e-05
   3.3856000e-05
   3.3920000e-05
   3.3984000e-05
   3.4048000e-05
   3.4112000e-05
   3.4176000e-05
   3.4240000e-05
   3.4304000e-05
   3.4368000e-05
   3.4432000e-05
   3.4496000e-05
   3.4560000e-05
   3.4624000e-05
   3.4688000e-05
   3.4752000e-05
   3.4816000e-05
   3.4880000e-05
   3.4944000e-05
   3.5008000e-05
   3.5072000e-05
   3.5136000e-05
   3.5200000e-05
   3.5264000e-05
   3.5328000e-05
   3.5392000e-05
   3.5456000e-05
   3.5520000e-05
   3.5584000e-05
   3.5648000e-05
   3.5712000e-05
   3.5776000e-05
   3.5840000e-05
   3.5904000e-05
   3.5968000e-05
   3.6032000e-05
   3.6096000e-05
   3.6160000e-05
   3.6224000e-05
   3.6288000e-05
   3.6352000e-05
   3.6416000e-05
   3.6480000e-05
   3.6544000e-05
   3.6608000e-05
   3.6672000e-05
   3.6736000e-05
   3.6800000e-05
   3.6864000e-05
   3.6928000e-05
   3.6992000e-05
   3.7056000e-05
   3.7120000e-05
   3.7184000e-05
   3.7248000e-05
   3.7312000e-05
   3.7376000e-05
   3.7440000e-05
   3.7504000e-05
   3.7568000e-05
   3.7632000e-05
   3.7696000e-05
   3.7760000e-05
   3.7824000e-05
   3.7888000e-05
   3.7952000e-05
   3.8016000e-05
   3.8080000e-05
   3.8144000e-05
   3.8208000e-05
   3.8272000e-05
   3.8336000e-05
   3.8400000e-05
   3.8464000e-05
   3.8528000e-05
   3.8592000e-05
   3.8656000e-05
   3.8720000e-05
   3.8784000e-05
   3.8848000e-05
   3.8912000e-05
   3.8976000e-05
   3.9040000e-05
   3.9104000e-05
   3.9168000e-05
   3.9232000e-05
   3.9296000e-05
   3.9360000e-05
   3.9424000e-05
   3.9488000e-05
   3.9552000e-05
   3.9616000e-05
   3.9680000e-05
   3.9744000e-05
   3.9808000e-05
   3.9872000e-05
   3.9936000e-05
   4.0000000e-05
   4.0064000e-05
   4.0128000e-05
   4.0192000e-05
   4.0256000e-05
   4.0320000e-05
   4.0384000e-05
   4.0448000e-05
   4.0512000e-05
   4.0576000e-05
   4.0640000e-05
   4.0704000e-05
   4.0768000e-05
   4.0832000e-05
   4.0896000e-05
   4.0960000e-05
   4.1024000e-05
   4.1088000e-05
   4.1152000e-05
   4.1216000e-05
   4.1280000e-05
   4.1344000e-05
   4.1408000e-05
   4.1472000e-05
   4.1536000e-05
   4.1600000e-05
   4.1664000e-05
   4.1728000e-05
   4.1792000e-05
   4.1856000e-05
   4.1920000e-05
   4.1984000e-05
   4.2048000e-05
   4.2112000e-05
   4.2176000e-05
   4.2240000e-05
   4.2304000e-05
   4.2368000e-05
   4.2432000e-05
   4.2496000e-05
   4.2560000e-05
   4.2624000e-05
   4.2688000e-05
   4.2752000e-05
   4.2816000e-05
   4.2880000e-05
   4.2944000e-05
   4.3008000e-05
   4.3072000e-05
   4.3136000e-05
   4.3200000e-05
   4.3264000e-05
   4.3328000e-05
   4.3392000e-05
   4.3456000e-05
   4.3520000e-05
   4.3584000e-05
   4.3648000e-05
   4.3712000e-05
   4.3776000e-05
   4.3840000e-05
   4.3904000e-05
   4.3968000e-05
   4.4032000e-05
   4.4096000e-05
   4.4160000e-05
   4.4224000e-05
   4.4288000e-05
   4.4352000e-05
   4.4416000e-05
   4.4480000e-05
   4.4544000e-05
   4.4608000e-05
   4.4672000e-05
   4.4736000e-05
   4.4800000e-05
   4.4864000e-05
   4.4928000e-05
   4.4992000e-05
   4.5056000e-05
   4.5120000e-05
   4.5184000e-05
   4.5248000e-05
   4.5312000e-05
   4.5376000e-05
   4.5440000e-05
   4.5504000e-05
   4.5568000e-05
   4.5632000e-05
   4.5696000e-05
   4.5760000e-05
   4.5824000e-05
   4.5888000e-05
   4.5952000e-05
   4.6016000e-05
   4.6080000e-05
   4.6144000e-05
   4.6208000e-05
   4.6272000e-05
   4.6336000e-05
   4.6400000e-05
   4.6464000e-05
   4.6528000e-05
   4.6592000e-05
   4.6656000e-05
   4.6720000e-05
   4.6784000e-05
   4.6848000e-05
   4.6912000e-05
   4.6976000e-05
   4.7040000e-05
   4.7104000e-05
   4.7168000e-05
   4.7232000e-05
   4.7296000e-05
   4.7360000e-05
   4.7424000e-05
   4.7488000e-05
   4.7552000e-05
   4.7616000e-05
   4.7680000e-05
   4.7744000e-05
   4.7808000e-05
   4.7872000e-05
   4.7936000e-05
   4.8000000e-05
   4.8064000e-05
   4.8128000e-05
   4.8192000e-05
   4.8256000e-05
   4.8320000e-05
   4.8384000e-05
   4.8448000e-05
   4.8512000e-05
   4.8576000e-05
   4.8640000e-05
   4.8704000e-05
   4.8768000e-05
   4.8832000e-05
   4.8896000e-05
   4.8960000e-05
   4.9024000e-05
   4.9088000e-05
   4.9152000e-05
   4.9216000e-05
   4.9280000e-05
   4.9344000e-05
   4.9408000e-05
   4.9472000e-05
   4.9536000e-05
   4.9600000e-05
   4.9664000e-05
   4.9728000e-05
   4.9792000e-05
   4.9856000e-05
   4.9920000e-05
   4.9984000e-05
   5.0048000e-05
   5.0112000e-05
   5.0176000e-05
   5.0240000e-05
   5.0304000e-05
   5.0368000e-05
   5.0432000e-05
   5.0496000e-05
   5.0560000e-05
   5.0624000e-05
   5.0688000e-05
   5.0752000e-05
   5.0816000e-05
   5.0880000e-05
   5.0944000e-05
   5.1008000e-05
   5.1072000e-05
   5.1136000e-05
   5.1200000e-05
   5.1264000e-05
   5.1328000e-05
   5.1392000e-05
   5.1456000e-05
   5.1520000e-05
   5.1584000e-05
   5.1648000e-05
   5.1712000e-05
   5.1776000e-05
   5.1840000e-05
   5.1904000e-05
   5.1968000e-05
   5.2032000e-05
   5.2096000e-05
   5.2160000e-05
   5.2224000e-05
   5.2288000e-05
   5.2352000e-05
   5.2416000e-05
   5.2480000e-05
   5.2544000e-05
   5.2608000e-05
   5.2672000e-05
   5.2736000e-05
   5.2800000e-05
   5.2864000e-05
   5.2928000e-05
   5.2992000e-05
   5.3056000e-05
   5.3120000e-05
   5.3184000e-05
   5.3248000e-05
   5.3312000e-05
   5.3376000e-05
   5.3440000e-05
   5.3504000e-05
   5.3568000e-05
   5.3632000e-05
   5.3696000e-05
   5.3760000e-05
   5.3824000e-05
   5.3888000e-05
   5.3952000e-05
   5.4016000e-05
   5.4080000e-05
   5.4144000e-05
   5.4208000e-05
   5.4272000e-05
   5.4336000e-05
   5.4400000e-05
   5.4464000e-05
   5.4528000e-05
   5.4592000e-05
   5.4656000e-05
   5.4720000e-05
   5.4784000e-05
   5.4848000e-05
   5.4912000e-05
   5.4976000e-05
   5.5040000e-05
   5.5104000e-05
   5.5168000e-05
   5.5232000e-05
   5.5296000e-05
   5.5360000e-05
   5.5424000e-05
   5.5488000e-05
   5.5552000e-05
   5.5616000e-05
   5.5680000e-05
   5.5744000e-05
   5.5808000e-05
   5.5872000e-05
   5.5936000e-05
   5.6000000e-05
   5.6064000e-05
   5.6128000e-05
   5.6192000e-05
   5.6256000e-05
   5.6320000e-05
   5.6384000e-05
   5.6448000e-05
   5.6512000e-05
   5.6576000e-05
   5.6640000e-05
   5.6704000e-05
   5.6768000e-05
   5.6832000e-05
   5.6896000e-05
   5.6960000e-05
   5.7024000e-05
   5.7088000e-05
   5.7152000e-05
   5.7216000e-05
   5.7280000e-05
   5.7344000e-05
   5.7408000e-05
   5.7472000e-05
   5.7536000e-05
   5.7600000e-05
   5.7664000e-05
   5.7728000e-05
   5.7792000e-05
   5.7856000e-05
   5.7920000e-05
   5.7984000e-05
   5.8048000e-05
   5.8112000e-05
   5.8176000e-05
   5.8240000e-05
   5.8304000e-05
   5.8368000e-05
   5.8432000e-05
   5.8496000e-05
   5.8560000e-05
   5.8624000e-05
   5.8688000e-05
   5.8752000e-05
   5.8816000e-05
   5.8880000e-05
   5.8944000e-05
   5.9008000e-05
   5.9072000e-05
   5.9136000e-05
   5.9200000e-05
   5.9264000e-05
   5.9328000e-05
   5.9392000e-05
   5.9456000e-05
   5.9520000e-05
   5.9584000e-05
   5.9648000e-05
   5.9712000e-05
   5.9776000e-05
   5.9840000e-05
   5.9904000e-05
   5.9968000e-05
   6.0032000e-05
   6.0096000e-05
   6.0160000e-05
   6.0224000e-05
   6.0288000e-05
   6.0352000e-05
   6.0416000e-05
   6.0480000e-05
   6.0544000e-05
   6.0608000e-05
   6.0672000e-05
   6.0736000e-05
   6.0800000e-05
   6.0864000e-05
   6.0928000e-05
   6.0992000e-05
   6.1056000e-05
   6.1120000e-05
   6.1184000e-05
   6.1248000e-05
   6.1312000e-05
   6.1376000e-05
   6.1440000e-05
   6.1504000e-05
   6.1568000e-05
   6.1632000e-05
   6.1696000e-05
   6.1760000e-05
   6.1824000e-05
   6.1888000e-05
   6.1952000e-05
   6.2016000e-05
   6.2080000e-05
   6.2144000e-05
   6.2208000e-05
   6.2272000e-05
   6.2336000e-05
   6.2400000e-05
   6.2464000e-05
   6.2528000e-05
   6.2592000e-05
   6.2656000e-05
   6.2720000e-05
   6.2784000e-05
   6.2848000e-05
   6.2912000e-05
   6.2976000e-05
   6.3040000e-05
   6.3104000e-05
   6.3168000e-05
   6.3232000e-05
   6.3296000e-05
   6.3360000e-05
   6.3424000e-05
   6.3488000e-05
   6.3552000e-05
   6.3616000e-05
   6.3680000e-05
   6.3744000e-05
   6.3808000e-05
   6.3872000e-05
   6.3936000e-05
   6.4000000e-05
   6.4064000e-05
   6.4128000e-05
   6.4192000e-05
   6.4256000e-05
   6.4320000e-05
   6.4384000e-05
   6.4448000e-05
   6.4512000e-05
   6.4576000e-05
   6.4640000e-05
   6.4704000e-05
   6.4768000e-05
   6.4832000e-05
   6.4896000e-05
   6.4960000e-05
   6.5024000e-05
   6.5088000e-05
   6.5152000e-05
   6.5216000e-05
   6.5280000e-05
   6.5344000e-05
   6.5408000e-05
   6.5472000e-05
   6.5536000e-05
   6.5600000e-05
   6.5664000e-05
   6.5728000e-05
   6.5792000e-05
   6.5856000e-05
   6.5920000e-05
   6.5984000e-05
   6.6048000e-05
   6.6112000e-05
   6.6176000e-05
   6.6240000e-05
   6.6304000e-05
   6.6368000e-05
   6.6432000e-05
   6.6496000e-05
   6.6560000e-05
   6.6624000e-05
   6.6688000e-05
   6.6752000e-05
   6.6816000e-05
   6.6880000e-05
   6.6944000e-05
   6.7008000e-05
   6.7072000e-05
   6.7136000e-05
   6.7200000e-05
   6.7264000e-05
   6.7328000e-05
   6.7392000e-05
   6.7456000e-05
   6.7520000e-05
   6.7584000e-05
   6.7648000e-05
   6.7712000e-05
   6.7776000e-05
   6.7840000e-05
   6.7904000e-05
   6.7968000e-05
   6.8032000e-05
   6.8096000e-05
   6.8160000e-05
   6.8224000e-05
   6.8288000e-05
   6.8352000e-05
   6.8416000e-05
   6.8480000e-05
   6.8544000e-05
   6.8608000e-05
   6.8672000e-05
   6.8736000e-05
   6.8800000e-05
   6.8864000e-05
   6.8928000e-05
   6.8992000e-05
   6.9056000e-05
   6.9120000e-05
   6.9184000e-05
   6.9248000e-05
   6.9312000e-05
   6.9376000e-05
   6.9440000e-05
   6.9504000e-05
   6.9568000e-05
   6.9632000e-05
   6.9696000e-05
   6.9760000e-05
   6.9824000e-05
   6.9888000e-05
   6.9952000e-05
   7.0016000e-05
   7.0080000e-05
   7.0144000e-05
   7.0208000e-05
   7.0272000e-05
   7.0336000e-05
   7.0400000e-05
   7.0464000e-05
   7.0528000e-05
   7.0592000e-05
   7.0656000e-05
   7.0720000e-05
   7.0784000e-05
   7.0848000e-05
   7.0912000e-05
   7.0976000e-05
   7.1040000e-05
   7.1104000e-05
   7.1168000e-05
   7.1232000e-05
   7.1296000e-05
   7.1360000e-05
   7.1424000e-05
   7.1488000e-05
   7.1552000e-05
   7.1616000e-05
   7.1680000e-05
   7.1744000e-05
   7.1808000e-05
   7.1872000e-05
   7.1936000e-05
   7.2000000e-05
   7.2064000e-05
   7.2128000e-05
   7.2192000e-05
   7.2256000e-05
   7.2320000e-05
   7.2384000e-05
   7.2448000e-05
   7.2512000e-05
   7.2576000e-05
   7.2640000e-05
   7.2704000e-05
   7.2768000e-05
   7.2832000e-05
   7.2896000e-05
   7.2960000e-05
   7.3024000e-05
   7.3088000e-05
   7.3152000e-05
   7.3216000e-05
   7.3280000e-05
   7.3344000e-05
   7.3408000e-05
   7.3472000e-05
   7.3536000e-05
   7.3600000e-05
   7.3664000e-05
   7.3728000e-05
   7.3792000e-05
   7.3856000e-05
   7.3920000e-05
   7.3984000e-05
   7.4048000e-05
   7.4112000e-05
   7.4176000e-05
   7.4240000e-05
   7.4304000e-05
   7.4368000e-05
   7.4432000e-05
   7.4496000e-05
   7.4560000e-05
   7.4624000e-05
   7.4688000e-05
   7.4752000e-05
   7.4816000e-05
   7.4880000e-05
   7.4944000e-05
   7.5008000e-05
   7.5072000e-05
   7.5136000e-05
   7.5200000e-05
   7.5264000e-05
   7.5328000e-05
   7.5392000e-05
   7.5456000e-05
   7.5520000e-05
   7.5584000e-05
   7.5648000e-05
   7.5712000e-05
   7.5776000e-05
   7.5840000e-05
   7.5904000e-05
   7.5968000e-05
   7.6032000e-05
   7.6096000e-05
   7.6160000e-05
   7.6224000e-05
   7.6288000e-05
   7.6352000e-05
   7.6416000e-05
   7.6480000e-05
   7.6544000e-05
   7.6608000e-05
   7.6672000e-05
   7.6736000e-05
   7.6800000e-05
   7.6864000e-05
   7.6928000e-05
   7.6992000e-05
   7.7056000e-05
   7.7120000e-05
   7.7184000e-05
   7.7248000e-05
   7.7312000e-05
   7.7376000e-05
   7.7440000e-05
   7.7504000e-05
   7.7568000e-05
   7.7632000e-05
   7.7696000e-05
   7.7760000e-05
   7.7824000e-05
   7.7888000e-05
   7.7952000e-05
   7.8016000e-05
   7.8080000e-05
   7.8144000e-05
   7.8208000e-05
   7.8272000e-05
   7.8336000e-05
   7.8400000e-05
   7.8464000e-05
   7.8528000e-05
   7.8592000e-05
   7.8656000e-05
   7.8720000e-05
   7.8784000e-05
   7.8848000e-05
   7.8912000e-05
   7.8976000e-05
   7.9040000e-05
   7.9104000e-05
   7.9168000e-05
   7.9232000e-05
   7.9296000e-05
   7.9360000e-05
   7.9424000e-05
   7.9488000e-05
   7.9552000e-05
   7.9616000e-05
   7.9680000e-05
   7.9744000e-05
   7.9808000e-05
   7.9872000e-05
   7.9936000e-05
   8.0000000e-05
   8.0064000e-05
   8.0128000e-05
   8.0192000e-05
   8.0256000e-05
   8.0320000e-05
   8.0384000e-05
   8.0448000e-05
   8.0512000e-05
   8.0576000e-05
   8.0640000e-05
   8.0704000e-05
   8.0768000e-05
   8.0832000e-05
   8.0896000e-05
   8.0960000e-05
   8.1024000e-05
   8.1088000e-05
   8.1152000e-05
   8.1216000e-05
   8.1280000e-05
   8.1344000e-05
   8.1408000e-05
   8.1472000e-05
   8.1536000e-05
   8.1600000e-05
   8.1664000e-05
   8.1728000e-05
   8.1792000e-05
   8.1856000e-05
   8.1920000e-05
   8.1984000e-05
   8.2048000e-05
   8.2112000e-05
   8.2176000e-05
   8.2240000e-05
   8.2304000e-05
   8.2368000e-05
   8.2432000e-05
   8.2496000e-05
   8.2560000e-05
   8.2624000e-05
   8.2688000e-05
   8.2752000e-05
   8.2816000e-05
   8.2880000e-05
   8.2944000e-05
   8.3008000e-05
   8.3072000e-05
   8.3136000e-05
   8.3200000e-05
   8.3264000e-05
   8.3328000e-05
   8.3392000e-05
   8.3456000e-05
   8.3520000e-05
   8.3584000e-05
   8.3648000e-05
   8.3712000e-05
   8.3776000e-05
   8.3840000e-05
   8.3904000e-05
   8.3968000e-05
   8.4032000e-05
   8.4096000e-05
   8.4160000e-05
   8.4224000e-05
   8.4288000e-05
   8.4352000e-05
   8.4416000e-05
   8.4480000e-05
   8.4544000e-05
   8.4608000e-05
   8.4672000e-05
   8.4736000e-05
   8.4800000e-05
   8.4864000e-05
   8.4928000e-05
   8.4992000e-05
   8.5056000e-05
   8.5120000e-05
   8.5184000e-05
   8.5248000e-05
   8.5312000e-05
   8.5376000e-05
   8.5440000e-05
   8.5504000e-05
   8.5568000e-05
   8.5632000e-05
   8.5696000e-05
   8.5760000e-05
   8.5824000e-05
   8.5888000e-05
   8.5952000e-05
   8.6016000e-05
   8.6080000e-05
   8.6144000e-05
   8.6208000e-05
   8.6272000e-05
   8.6336000e-05
   8.6400000e-05
   8.6464000e-05
   8.6528000e-05
   8.6592000e-05
   8.6656000e-05
   8.6720000e-05
   8.6784000e-05
   8.6848000e-05
   8.6912000e-05
   8.6976000e-05
   8.7040000e-05
   8.7104000e-05
   8.7168000e-05
   8.7232000e-05
   8.7296000e-05
   8.7360000e-05
   8.7424000e-05
   8.7488000e-05
   8.7552000e-05
   8.7616000e-05
   8.7680000e-05
   8.7744000e-05
   8.7808000e-05
   8.7872000e-05
   8.7936000e-05
   8.8000000e-05
   8.8064000e-05
   8.8128000e-05
   8.8192000e-05
   8.8256000e-05
   8.8320000e-05
   8.8384000e-05
   8.8448000e-05
   8.8512000e-05
   8.8576000e-05
   8.8640000e-05
   8.8704000e-05
   8.8768000e-05
   8.8832000e-05
   8.8896000e-05
   8.8960000e-05
   8.9024000e-05
   8.9088000e-05
   8.9152000e-05
   8.9216000e-05
   8.9280000e-05
   8.9344000e-05
   8.9408000e-05
   8.9472000e-05
   8.9536000e-05
   8.9600000e-05
   8.9664000e-05
   8.9728000e-05
   8.9792000e-05
   8.9856000e-05
   8.9920000e-05
   8.9984000e-05
   9.0048000e-05
   9.0112000e-05
   9.0176000e-05
   9.0240000e-05
   9.0304000e-05
   9.0368000e-05
   9.0432000e-05
   9.0496000e-05
   9.0560000e-05
   9.0624000e-05
   9.0688000e-05
   9.0752000e-05
   9.0816000e-05
   9.0880000e-05
   9.0944000e-05
   9.1008000e-05
   9.1072000e-05
   9.1136000e-05
   9.1200000e-05
   9.1264000e-05
   9.1328000e-05
   9.1392000e-05
   9.1456000e-05
   9.1520000e-05
   9.1584000e-05
   9.1648000e-05
   9.1712000e-05
   9.1776000e-05
   9.1840000e-05
   9.1904000e-05
   9.1968000e-05
   9.2032000e-05
   9.2096000e-05
   9.2160000e-05
   9.2224000e-05
   9.2288000e-05
   9.2352000e-05
   9.2416000e-05
   9.2480000e-05
   9.2544000e-05
   9.2608000e-05
   9.2672000e-05
   9.2736000e-05
   9.2800000e-05
   9.2864000e-05
   9.2928000e-05
   9.2992000e-05
   9.3056000e-05
   9.3120000e-05
   9.3184000e-05
   9.3248000e-05
   9.3312000e-05
   9.3376000e-05
   9.3440000e-05
   9.3504000e-05
   9.3568000e-05
   9.3632000e-05
   9.3696000e-05
   9.3760000e-05
   9.3824000e-05
   9.3888000e-05
   9.3952000e-05
   9.4016000e-05
   9.4080000e-05
   9.4144000e-05
   9.4208000e-05
   9.4272000e-05
   9.4336000e-05
   9.4400000e-05
   9.4464000e-05
   9.4528000e-05
   9.4592000e-05
   9.4656000e-05
   9.4720000e-05
   9.4784000e-05
   9.4848000e-05
   9.4912000e-05
   9.4976000e-05
   9.5040000e-05
   9.5104000e-05
   9.5168000e-05
   9.5232000e-05
   9.5296000e-05
   9.5360000e-05
   9.5424000e-05
   9.5488000e-05
   9.5552000e-05
   9.5616000e-05
   9.5680000e-05
   9.5744000e-05
   9.5808000e-05
   9.5872000e-05
   9.5936000e-05
   9.6000000e-05
   9.6064000e-05
   9.6128000e-05
   9.6192000e-05
   9.6256000e-05
   9.6320000e-05
   9.6384000e-05
   9.6448000e-05
   9.6512000e-05
   9.6576000e-05
   9.6640000e-05
   9.6704000e-05
   9.6768000e-05
   9.6832000e-05
   9.6896000e-05
   9.6960000e-05
   9.7024000e-05
   9.7088000e-05
   9.7152000e-05
   9.7216000e-05
   9.7280000e-05
   9.7344000e-05
   9.7408000e-05
   9.7472000e-05
   9.7536000e-05
   9.7600000e-05
   9.7664000e-05
   9.7728000e-05
   9.7792000e-05
   9.7856000e-05
   9.7920000e-05
   9.7984000e-05
   9.8048000e-05
   9.8112000e-05
   9.8176000e-05
   9.8240000e-05
   9.8304000e-05
   9.8368000e-05
   9.8432000e-05
   9.8496000e-05
   9.8560000e-05
   9.8624000e-05
   9.8688000e-05
   9.8752000e-05
   9.8816000e-05
   9.8880000e-05
   9.8944000e-05
   9.9008000e-05
   9.9072000e-05
   9.9136000e-05
   9.9200000e-05
   9.9264000e-05
   9.9328000e-05
   9.9392000e-05
   9.9456000e-05
   9.9520000e-05
   9.9584000e-05
   9.9648000e-05
   9.9712000e-05
   9.9776000e-05
   9.9840000e-05
   9.9904000e-05
   9.9968000e-05
   1.0003200e-04
   1.0009600e-04
   1.0016000e-04
   1.0022400e-04
   1.0028800e-04
   1.0035200e-04
   1.0041600e-04
   1.0048000e-04
   1.0054400e-04
   1.0060800e-04
   1.0067200e-04
   1.0073600e-04
   1.0080000e-04
   1.0086400e-04
   1.0092800e-04
   1.0099200e-04
   1.0105600e-04
   1.0112000e-04
   1.0118400e-04
   1.0124800e-04
   1.0131200e-04
   1.0137600e-04
   1.0144000e-04
   1.0150400e-04
   1.0156800e-04
   1.0163200e-04
   1.0169600e-04
   1.0176000e-04
   1.0182400e-04
   1.0188800e-04
   1.0195200e-04
   1.0201600e-04
   1.0208000e-04
   1.0214400e-04
   1.0220800e-04
   1.0227200e-04
   1.0233600e-04
   1.0240000e-04
   1.0246400e-04
   1.0252800e-04
   1.0259200e-04
   1.0265600e-04
   1.0272000e-04
   1.0278400e-04
   1.0284800e-04
   1.0291200e-04
   1.0297600e-04
   1.0304000e-04
   1.0310400e-04
   1.0316800e-04
   1.0323200e-04
   1.0329600e-04
   1.0336000e-04
   1.0342400e-04
   1.0348800e-04
   1.0355200e-04
   1.0361600e-04
   1.0368000e-04
   1.0374400e-04
   1.0380800e-04
   1.0387200e-04
   1.0393600e-04
   1.0400000e-04
   1.0406400e-04
   1.0412800e-04
   1.0419200e-04
   1.0425600e-04
   1.0432000e-04
   1.0438400e-04
   1.0444800e-04
   1.0451200e-04
   1.0457600e-04
   1.0464000e-04
   1.0470400e-04
   1.0476800e-04
   1.0483200e-04
   1.0489600e-04
   1.0496000e-04
   1.0502400e-04
   1.0508800e-04
   1.0515200e-04
   1.0521600e-04
   1.0528000e-04
   1.0534400e-04
   1.0540800e-04
   1.0547200e-04
   1.0553600e-04
   1.0560000e-04
   1.0566400e-04
   1.0572800e-04
   1.0579200e-04
   1.0585600e-04
   1.0592000e-04
   1.0598400e-04
   1.0604800e-04
   1.0611200e-04
   1.0617600e-04
   1.0624000e-04
   1.0630400e-04
   1.0636800e-04
   1.0643200e-04
   1.0649600e-04
   1.0656000e-04
   1.0662400e-04
   1.0668800e-04
   1.0675200e-04
   1.0681600e-04
   1.0688000e-04
   1.0694400e-04
   1.0700800e-04
   1.0707200e-04
   1.0713600e-04
   1.0720000e-04
   1.0726400e-04
   1.0732800e-04
   1.0739200e-04
   1.0745600e-04
   1.0752000e-04
   1.0758400e-04
   1.0764800e-04
   1.0771200e-04
   1.0777600e-04
   1.0784000e-04
   1.0790400e-04
   1.0796800e-04
   1.0803200e-04
   1.0809600e-04
   1.0816000e-04
   1.0822400e-04
   1.0828800e-04
   1.0835200e-04
   1.0841600e-04
   1.0848000e-04
   1.0854400e-04
   1.0860800e-04
   1.0867200e-04
   1.0873600e-04
   1.0880000e-04
   1.0886400e-04
   1.0892800e-04
   1.0899200e-04
   1.0905600e-04
   1.0912000e-04
   1.0918400e-04
   1.0924800e-04
   1.0931200e-04
   1.0937600e-04
   1.0944000e-04
   1.0950400e-04
   1.0956800e-04
   1.0963200e-04
   1.0969600e-04
   1.0976000e-04
   1.0982400e-04
   1.0988800e-04
   1.0995200e-04
   1.1001600e-04
   1.1008000e-04
   1.1014400e-04
   1.1020800e-04
   1.1027200e-04
   1.1033600e-04
   1.1040000e-04
   1.1046400e-04
   1.1052800e-04
   1.1059200e-04
   1.1065600e-04
   1.1072000e-04
   1.1078400e-04
   1.1084800e-04
   1.1091200e-04
   1.1097600e-04
   1.1104000e-04
   1.1110400e-04
   1.1116800e-04
   1.1123200e-04
   1.1129600e-04
   1.1136000e-04
   1.1142400e-04
   1.1148800e-04
   1.1155200e-04
   1.1161600e-04
   1.1168000e-04
   1.1174400e-04
   1.1180800e-04
   1.1187200e-04
   1.1193600e-04
   1.1200000e-04
   1.1206400e-04
   1.1212800e-04
   1.1219200e-04
   1.1225600e-04
   1.1232000e-04
   1.1238400e-04
   1.1244800e-04
   1.1251200e-04
   1.1257600e-04
   1.1264000e-04
   1.1270400e-04
   1.1276800e-04
   1.1283200e-04
   1.1289600e-04
   1.1296000e-04
   1.1302400e-04
   1.1308800e-04
   1.1315200e-04
   1.1321600e-04
   1.1328000e-04
   1.1334400e-04
   1.1340800e-04
   1.1347200e-04
   1.1353600e-04
   1.1360000e-04
   1.1366400e-04
   1.1372800e-04
   1.1379200e-04
   1.1385600e-04
   1.1392000e-04
   1.1398400e-04
   1.1404800e-04
   1.1411200e-04
   1.1417600e-04
   1.1424000e-04
   1.1430400e-04
   1.1436800e-04
   1.1443200e-04
   1.1449600e-04
   1.1456000e-04
   1.1462400e-04
   1.1468800e-04
   1.1475200e-04
   1.1481600e-04
   1.1488000e-04
   1.1494400e-04
   1.1500800e-04
   1.1507200e-04
   1.1513600e-04
   1.1520000e-04
   1.1526400e-04
   1.1532800e-04
   1.1539200e-04
   1.1545600e-04
   1.1552000e-04
   1.1558400e-04
   1.1564800e-04
   1.1571200e-04
   1.1577600e-04
   1.1584000e-04
   1.1590400e-04
   1.1596800e-04
   1.1603200e-04
   1.1609600e-04
   1.1616000e-04
   1.1622400e-04
   1.1628800e-04
   1.1635200e-04
   1.1641600e-04
   1.1648000e-04
   1.1654400e-04
   1.1660800e-04
   1.1667200e-04
   1.1673600e-04
   1.1680000e-04
   1.1686400e-04
   1.1692800e-04
   1.1699200e-04
   1.1705600e-04
   1.1712000e-04
   1.1718400e-04
   1.1724800e-04
   1.1731200e-04
   1.1737600e-04
   1.1744000e-04
   1.1750400e-04
   1.1756800e-04
   1.1763200e-04
   1.1769600e-04
   1.1776000e-04
   1.1782400e-04
   1.1788800e-04
   1.1795200e-04
   1.1801600e-04
   1.1808000e-04
   1.1814400e-04
   1.1820800e-04
   1.1827200e-04
   1.1833600e-04
   1.1840000e-04
   1.1846400e-04
   1.1852800e-04
   1.1859200e-04
   1.1865600e-04
   1.1872000e-04
   1.1878400e-04
   1.1884800e-04
   1.1891200e-04
   1.1897600e-04
   1.1904000e-04
   1.1910400e-04
   1.1916800e-04
   1.1923200e-04
   1.1929600e-04
   1.1936000e-04
   1.1942400e-04
   1.1948800e-04
   1.1955200e-04
   1.1961600e-04
   1.1968000e-04
   1.1974400e-04
   1.1980800e-04
   1.1987200e-04
   1.1993600e-04
   1.2000000e-04
   1.2006400e-04
   1.2012800e-04
   1.2019200e-04
   1.2025600e-04
   1.2032000e-04
   1.2038400e-04
   1.2044800e-04
   1.2051200e-04
   1.2057600e-04
   1.2064000e-04
   1.2070400e-04
   1.2076800e-04
   1.2083200e-04
   1.2089600e-04
   1.2096000e-04
   1.2102400e-04
   1.2108800e-04
   1.2115200e-04
   1.2121600e-04
   1.2128000e-04
   1.2134400e-04
   1.2140800e-04
   1.2147200e-04
   1.2153600e-04
   1.2160000e-04
   1.2166400e-04
   1.2172800e-04
   1.2179200e-04
   1.2185600e-04
   1.2192000e-04
   1.2198400e-04
   1.2204800e-04
   1.2211200e-04
   1.2217600e-04
   1.2224000e-04
   1.2230400e-04
   1.2236800e-04
   1.2243200e-04
   1.2249600e-04
   1.2256000e-04
   1.2262400e-04
   1.2268800e-04
   1.2275200e-04
   1.2281600e-04
   1.2288000e-04
   1.2294400e-04
   1.2300800e-04
   1.2307200e-04
   1.2313600e-04
   1.2320000e-04
   1.2326400e-04
   1.2332800e-04
   1.2339200e-04
   1.2345600e-04
   1.2352000e-04
   1.2358400e-04
   1.2364800e-04
   1.2371200e-04
   1.2377600e-04
   1.2384000e-04
   1.2390400e-04
   1.2396800e-04
   1.2403200e-04
   1.2409600e-04
   1.2416000e-04
   1.2422400e-04
   1.2428800e-04
   1.2435200e-04
   1.2441600e-04
   1.2448000e-04
   1.2454400e-04
   1.2460800e-04
   1.2467200e-04
   1.2473600e-04
   1.2480000e-04
   1.2486400e-04
   1.2492800e-04
   1.2499200e-04
   1.2505600e-04
   1.2512000e-04
   1.2518400e-04
   1.2524800e-04
   1.2531200e-04
   1.2537600e-04
   1.2544000e-04
   1.2550400e-04
   1.2556800e-04
   1.2563200e-04
   1.2569600e-04
   1.2576000e-04
   1.2582400e-04
   1.2588800e-04
   1.2595200e-04
   1.2601600e-04
   1.2608000e-04
   1.2614400e-04
   1.2620800e-04
   1.2627200e-04
   1.2633600e-04
   1.2640000e-04
   1.2646400e-04
   1.2652800e-04
   1.2659200e-04
   1.2665600e-04
   1.2672000e-04
   1.2678400e-04
   1.2684800e-04
   1.2691200e-04
   1.2697600e-04
   1.2704000e-04
   1.2710400e-04
   1.2716800e-04
   1.2723200e-04
   1.2729600e-04
   1.2736000e-04
   1.2742400e-04
   1.2748800e-04
   1.2755200e-04
   1.2761600e-04
   1.2768000e-04
   1.2774400e-04
   1.2780800e-04
   1.2787200e-04
   1.2793600e-04
   1.2800000e-04
   1.2806400e-04
   1.2812800e-04
   1.2819200e-04
   1.2825600e-04
   1.2832000e-04
   1.2838400e-04
   1.2844800e-04
   1.2851200e-04
   1.2857600e-04
   1.2864000e-04
   1.2870400e-04
   1.2876800e-04
   1.2883200e-04
   1.2889600e-04
   1.2896000e-04
   1.2902400e-04
   1.2908800e-04
   1.2915200e-04
   1.2921600e-04
   1.2928000e-04
   1.2934400e-04
   1.2940800e-04
   1.2947200e-04
   1.2953600e-04
   1.2960000e-04
   1.2966400e-04
   1.2972800e-04
   1.2979200e-04
   1.2985600e-04
   1.2992000e-04
   1.2998400e-04
   1.3004800e-04
   1.3011200e-04
   1.3017600e-04
   1.3024000e-04
   1.3030400e-04
   1.3036800e-04
   1.3043200e-04
   1.3049600e-04
   1.3056000e-04
   1.3062400e-04
   1.3068800e-04
   1.3075200e-04
   1.3081600e-04
   1.3088000e-04
   1.3094400e-04
   1.3100800e-04
   1.3107200e-04
   1.3113600e-04
   1.3120000e-04
   1.3126400e-04
   1.3132800e-04
   1.3139200e-04
   1.3145600e-04
   1.3152000e-04
   1.3158400e-04
   1.3164800e-04
   1.3171200e-04
   1.3177600e-04
   1.3184000e-04
   1.3190400e-04
   1.3196800e-04
   1.3203200e-04
   1.3209600e-04
   1.3216000e-04
   1.3222400e-04
   1.3228800e-04
   1.3235200e-04
   1.3241600e-04
   1.3248000e-04
   1.3254400e-04
   1.3260800e-04
   1.3267200e-04
   1.3273600e-04
   1.3280000e-04
   1.3286400e-04
   1.3292800e-04
   1.3299200e-04
   1.3305600e-04
   1.3312000e-04
   1.3318400e-04
   1.3324800e-04
   1.3331200e-04
   1.3337600e-04
   1.3344000e-04
   1.3350400e-04
   1.3356800e-04
   1.3363200e-04
   1.3369600e-04
   1.3376000e-04
   1.3382400e-04
   1.3388800e-04
   1.3395200e-04
   1.3401600e-04
   1.3408000e-04
   1.3414400e-04
   1.3420800e-04
   1.3427200e-04
   1.3433600e-04
   1.3440000e-04
   1.3446400e-04
   1.3452800e-04
   1.3459200e-04
   1.3465600e-04
   1.3472000e-04
   1.3478400e-04
   1.3484800e-04
   1.3491200e-04
   1.3497600e-04
   1.3504000e-04
   1.3510400e-04
   1.3516800e-04
   1.3523200e-04
   1.3529600e-04
   1.3536000e-04
   1.3542400e-04
   1.3548800e-04
   1.3555200e-04
   1.3561600e-04
   1.3568000e-04
   1.3574400e-04
   1.3580800e-04
   1.3587200e-04
   1.3593600e-04
   1.3600000e-04
   1.3606400e-04
   1.3612800e-04
   1.3619200e-04
   1.3625600e-04
   1.3632000e-04
   1.3638400e-04
   1.3644800e-04
   1.3651200e-04
   1.3657600e-04
   1.3664000e-04
   1.3670400e-04
   1.3676800e-04
   1.3683200e-04
   1.3689600e-04
   1.3696000e-04
   1.3702400e-04
   1.3708800e-04
   1.3715200e-04
   1.3721600e-04
   1.3728000e-04
   1.3734400e-04
   1.3740800e-04
   1.3747200e-04
   1.3753600e-04
   1.3760000e-04
   1.3766400e-04
   1.3772800e-04
   1.3779200e-04
   1.3785600e-04
   1.3792000e-04
   1.3798400e-04
   1.3804800e-04
   1.3811200e-04
   1.3817600e-04
   1.3824000e-04
   1.3830400e-04
   1.3836800e-04
   1.3843200e-04
   1.3849600e-04
   1.3856000e-04
   1.3862400e-04
   1.3868800e-04
   1.3875200e-04
   1.3881600e-04
   1.3888000e-04
   1.3894400e-04
   1.3900800e-04
   1.3907200e-04
   1.3913600e-04
   1.3920000e-04
   1.3926400e-04
   1.3932800e-04
   1.3939200e-04
   1.3945600e-04
   1.3952000e-04
   1.3958400e-04
   1.3964800e-04
   1.3971200e-04
   1.3977600e-04
   1.3984000e-04
   1.3990400e-04
   1.3996800e-04
   1.4003200e-04
   1.4009600e-04
   1.4016000e-04
   1.4022400e-04
   1.4028800e-04
   1.4035200e-04
   1.4041600e-04
   1.4048000e-04
   1.4054400e-04
   1.4060800e-04
   1.4067200e-04
   1.4073600e-04
   1.4080000e-04
   1.4086400e-04
   1.4092800e-04
   1.4099200e-04
   1.4105600e-04
   1.4112000e-04
   1.4118400e-04
   1.4124800e-04
   1.4131200e-04
   1.4137600e-04
   1.4144000e-04
   1.4150400e-04
   1.4156800e-04
   1.4163200e-04
   1.4169600e-04
   1.4176000e-04
   1.4182400e-04
   1.4188800e-04
   1.4195200e-04
   1.4201600e-04
   1.4208000e-04
   1.4214400e-04
   1.4220800e-04
   1.4227200e-04
   1.4233600e-04
   1.4240000e-04
   1.4246400e-04
   1.4252800e-04
   1.4259200e-04
   1.4265600e-04
   1.4272000e-04
   1.4278400e-04
   1.4284800e-04
   1.4291200e-04
   1.4297600e-04
   1.4304000e-04
   1.4310400e-04
   1.4316800e-04
   1.4323200e-04
   1.4329600e-04
   1.4336000e-04
   1.4342400e-04
   1.4348800e-04
   1.4355200e-04
   1.4361600e-04
   1.4368000e-04
   1.4374400e-04
   1.4380800e-04
   1.4387200e-04
   1.4393600e-04
   1.4400000e-04
   1.4406400e-04
   1.4412800e-04
   1.4419200e-04
   1.4425600e-04
   1.4432000e-04
   1.4438400e-04
   1.4444800e-04
   1.4451200e-04
   1.4457600e-04
   1.4464000e-04
   1.4470400e-04
   1.4476800e-04
   1.4483200e-04
   1.4489600e-04
   1.4496000e-04
   1.4502400e-04
   1.4508800e-04
   1.4515200e-04
   1.4521600e-04
   1.4528000e-04
   1.4534400e-04
   1.4540800e-04
   1.4547200e-04
   1.4553600e-04
   1.4560000e-04
   1.4566400e-04
   1.4572800e-04
   1.4579200e-04
   1.4585600e-04
   1.4592000e-04
   1.4598400e-04
   1.4604800e-04
   1.4611200e-04
   1.4617600e-04
   1.4624000e-04
   1.4630400e-04
   1.4636800e-04
   1.4643200e-04
   1.4649600e-04
   1.4656000e-04
   1.4662400e-04
   1.4668800e-04
   1.4675200e-04
   1.4681600e-04
   1.4688000e-04
   1.4694400e-04
   1.4700800e-04
   1.4707200e-04
   1.4713600e-04
   1.4720000e-04
   1.4726400e-04
   1.4732800e-04
   1.4739200e-04
   1.4745600e-04
   1.4752000e-04
   1.4758400e-04
   1.4764800e-04
   1.4771200e-04
   1.4777600e-04
   1.4784000e-04
   1.4790400e-04
   1.4796800e-04
   1.4803200e-04
   1.4809600e-04
   1.4816000e-04
   1.4822400e-04
   1.4828800e-04
   1.4835200e-04
   1.4841600e-04
   1.4848000e-04
   1.4854400e-04
   1.4860800e-04
   1.4867200e-04
   1.4873600e-04
   1.4880000e-04
   1.4886400e-04
   1.4892800e-04
   1.4899200e-04
   1.4905600e-04
   1.4912000e-04
   1.4918400e-04
   1.4924800e-04
   1.4931200e-04
   1.4937600e-04
   1.4944000e-04
   1.4950400e-04
   1.4956800e-04
   1.4963200e-04
   1.4969600e-04
   1.4976000e-04
   1.4982400e-04
   1.4988800e-04
   1.4995200e-04
   1.5001600e-04
   1.5008000e-04
   1.5014400e-04
   1.5020800e-04
   1.5027200e-04
   1.5033600e-04
   1.5040000e-04
   1.5046400e-04
   1.5052800e-04
   1.5059200e-04
   1.5065600e-04
   1.5072000e-04
   1.5078400e-04
   1.5084800e-04
   1.5091200e-04
   1.5097600e-04
   1.5104000e-04
   1.5110400e-04
   1.5116800e-04
   1.5123200e-04
   1.5129600e-04
   1.5136000e-04
   1.5142400e-04
   1.5148800e-04
   1.5155200e-04
   1.5161600e-04
   1.5168000e-04
   1.5174400e-04
   1.5180800e-04
   1.5187200e-04
   1.5193600e-04
   1.5200000e-04
   1.5206400e-04
   1.5212800e-04
   1.5219200e-04
   1.5225600e-04
   1.5232000e-04
   1.5238400e-04
   1.5244800e-04
   1.5251200e-04
   1.5257600e-04
   1.5264000e-04
   1.5270400e-04
   1.5276800e-04
   1.5283200e-04
   1.5289600e-04
   1.5296000e-04
   1.5302400e-04
   1.5308800e-04
   1.5315200e-04
   1.5321600e-04
   1.5328000e-04
   1.5334400e-04
   1.5340800e-04
   1.5347200e-04
   1.5353600e-04
   1.5360000e-04
   1.5366400e-04
   1.5372800e-04
   1.5379200e-04
   1.5385600e-04
   1.5392000e-04
   1.5398400e-04
   1.5404800e-04
   1.5411200e-04
   1.5417600e-04
   1.5424000e-04
   1.5430400e-04
   1.5436800e-04
   1.5443200e-04
   1.5449600e-04
   1.5456000e-04
   1.5462400e-04
   1.5468800e-04
   1.5475200e-04
   1.5481600e-04
   1.5488000e-04
   1.5494400e-04
   1.5500800e-04
   1.5507200e-04
   1.5513600e-04
   1.5520000e-04
   1.5526400e-04
   1.5532800e-04
   1.5539200e-04
   1.5545600e-04
   1.5552000e-04
   1.5558400e-04
   1.5564800e-04
   1.5571200e-04
   1.5577600e-04
   1.5584000e-04
   1.5590400e-04
   1.5596800e-04
   1.5603200e-04
   1.5609600e-04
   1.5616000e-04
   1.5622400e-04
   1.5628800e-04
   1.5635200e-04
   1.5641600e-04
   1.5648000e-04
   1.5654400e-04
   1.5660800e-04
   1.5667200e-04
   1.5673600e-04
   1.5680000e-04
   1.5686400e-04
   1.5692800e-04
   1.5699200e-04
   1.5705600e-04
   1.5712000e-04
   1.5718400e-04
   1.5724800e-04
   1.5731200e-04
   1.5737600e-04
   1.5744000e-04
   1.5750400e-04
   1.5756800e-04
   1.5763200e-04
   1.5769600e-04
   1.5776000e-04
   1.5782400e-04
   1.5788800e-04
   1.5795200e-04
   1.5801600e-04
   1.5808000e-04
   1.5814400e-04
   1.5820800e-04
   1.5827200e-04
   1.5833600e-04
   1.5840000e-04
   1.5846400e-04
   1.5852800e-04
   1.5859200e-04
   1.5865600e-04
   1.5872000e-04
   1.5878400e-04
   1.5884800e-04
   1.5891200e-04
   1.5897600e-04
   1.5904000e-04
   1.5910400e-04
   1.5916800e-04
   1.5923200e-04
   1.5929600e-04
   1.5936000e-04
   1.5942400e-04
   1.5948800e-04
   1.5955200e-04
   1.5961600e-04
   1.5968000e-04
   1.5974400e-04
   1.5980800e-04
   1.5987200e-04
   1.5993600e-04
