   0.0000000e+00
   1.2800000e-07
   2.5600000e-07
   3.8400000e-07
   5.1200000e-07
   6.4000000e-07
   7.6800000e-07
   8.9600000e-07
   1.0240000e-06
   1.1520000e-06
   1.2800000e-06
   1.4080000e-06
   1.5360000e-06
   1.6640000e-06
   1.7920000e-06
   1.9200000e-06
   2.0480000e-06
   2.1760000e-06
   2.3040000e-06
   2.4320000e-06
   2.5600000e-06
   2.6880000e-06
   2.8160000e-06
   2.9440000e-06
   3.0720000e-06
   3.2000000e-06
   3.3280000e-06
   3.4560000e-06
   3.5840000e-06
   3.7120000e-06
   3.8400000e-06
   3.9680000e-06
   4.0960000e-06
   4.2240000e-06
   4.3520000e-06
   4.4800000e-06
   4.6080000e-06
   4.7360000e-06
   4.8640000e-06
   4.9920000e-06
   5.1200000e-06
   5.2480000e-06
   5.3760000e-06
   5.5040000e-06
   5.6320000e-06
   5.7600000e-06
   5.8880000e-06
   6.0160000e-06
   6.1440000e-06
   6.2720000e-06
   6.4000000e-06
   6.5280000e-06
   6.6560000e-06
   6.7840000e-06
   6.9120000e-06
   7.0400000e-06
   7.1680000e-06
   7.2960000e-06
   7.4240000e-06
   7.5520000e-06
   7.6800000e-06
   7.8080000e-06
   7.9360000e-06
   8.0640000e-06
   8.1920000e-06
   8.3200000e-06
   8.4480000e-06
   8.5760000e-06
   8.7040000e-06
   8.8320000e-06
   8.9600000e-06
   9.0880000e-06
   9.2160000e-06
   9.3440000e-06
   9.4720000e-06
   9.6000000e-06
   9.7280000e-06
   9.8560000e-06
   9.9840000e-06
   1.0112000e-05
   1.0240000e-05
   1.0368000e-05
   1.0496000e-05
   1.0624000e-05
   1.0752000e-05
   1.0880000e-05
   1.1008000e-05
   1.1136000e-05
   1.1264000e-05
   1.1392000e-05
   1.1520000e-05
   1.1648000e-05
   1.1776000e-05
   1.1904000e-05
   1.2032000e-05
   1.2160000e-05
   1.2288000e-05
   1.2416000e-05
   1.2544000e-05
   1.2672000e-05
   1.2800000e-05
   1.2928000e-05
   1.3056000e-05
   1.3184000e-05
   1.3312000e-05
   1.3440000e-05
   1.3568000e-05
   1.3696000e-05
   1.3824000e-05
   1.3952000e-05
   1.4080000e-05
   1.4208000e-05
   1.4336000e-05
   1.4464000e-05
   1.4592000e-05
   1.4720000e-05
   1.4848000e-05
   1.4976000e-05
   1.5104000e-05
   1.5232000e-05
   1.5360000e-05
   1.5488000e-05
   1.5616000e-05
   1.5744000e-05
   1.5872000e-05
   1.6000000e-05
   1.6128000e-05
   1.6256000e-05
   1.6384000e-05
   1.6512000e-05
   1.6640000e-05
   1.6768000e-05
   1.6896000e-05
   1.7024000e-05
   1.7152000e-05
   1.7280000e-05
   1.7408000e-05
   1.7536000e-05
   1.7664000e-05
   1.7792000e-05
   1.7920000e-05
   1.8048000e-05
   1.8176000e-05
   1.8304000e-05
   1.8432000e-05
   1.8560000e-05
   1.8688000e-05
   1.8816000e-05
   1.8944000e-05
   1.9072000e-05
   1.9200000e-05
   1.9328000e-05
   1.9456000e-05
   1.9584000e-05
   1.9712000e-05
   1.9840000e-05
   1.9968000e-05
   2.0096000e-05
   2.0224000e-05
   2.0352000e-05
   2.0480000e-05
   2.0608000e-05
   2.0736000e-05
   2.0864000e-05
   2.0992000e-05
   2.1120000e-05
   2.1248000e-05
   2.1376000e-05
   2.1504000e-05
   2.1632000e-05
   2.1760000e-05
   2.1888000e-05
   2.2016000e-05
   2.2144000e-05
   2.2272000e-05
   2.2400000e-05
   2.2528000e-05
   2.2656000e-05
   2.2784000e-05
   2.2912000e-05
   2.3040000e-05
   2.3168000e-05
   2.3296000e-05
   2.3424000e-05
   2.3552000e-05
   2.3680000e-05
   2.3808000e-05
   2.3936000e-05
   2.4064000e-05
   2.4192000e-05
   2.4320000e-05
   2.4448000e-05
   2.4576000e-05
   2.4704000e-05
   2.4832000e-05
   2.4960000e-05
   2.5088000e-05
   2.5216000e-05
   2.5344000e-05
   2.5472000e-05
   2.5600000e-05
   2.5728000e-05
   2.5856000e-05
   2.5984000e-05
   2.6112000e-05
   2.6240000e-05
   2.6368000e-05
   2.6496000e-05
   2.6624000e-05
   2.6752000e-05
   2.6880000e-05
   2.7008000e-05
   2.7136000e-05
   2.7264000e-05
   2.7392000e-05
   2.7520000e-05
   2.7648000e-05
   2.7776000e-05
   2.7904000e-05
   2.8032000e-05
   2.8160000e-05
   2.8288000e-05
   2.8416000e-05
   2.8544000e-05
   2.8672000e-05
   2.8800000e-05
   2.8928000e-05
   2.9056000e-05
   2.9184000e-05
   2.9312000e-05
   2.9440000e-05
   2.9568000e-05
   2.9696000e-05
   2.9824000e-05
   2.9952000e-05
   3.0080000e-05
   3.0208000e-05
   3.0336000e-05
   3.0464000e-05
   3.0592000e-05
   3.0720000e-05
   3.0848000e-05
   3.0976000e-05
   3.1104000e-05
   3.1232000e-05
   3.1360000e-05
   3.1488000e-05
   3.1616000e-05
   3.1744000e-05
   3.1872000e-05
   3.2000000e-05
   3.2128000e-05
   3.2256000e-05
   3.2384000e-05
   3.2512000e-05
   3.2640000e-05
   3.2768000e-05
   3.2896000e-05
   3.3024000e-05
   3.3152000e-05
   3.3280000e-05
   3.3408000e-05
   3.3536000e-05
   3.3664000e-05
   3.3792000e-05
   3.3920000e-05
   3.4048000e-05
   3.4176000e-05
   3.4304000e-05
   3.4432000e-05
   3.4560000e-05
   3.4688000e-05
   3.4816000e-05
   3.4944000e-05
   3.5072000e-05
   3.5200000e-05
   3.5328000e-05
   3.5456000e-05
   3.5584000e-05
   3.5712000e-05
   3.5840000e-05
   3.5968000e-05
   3.6096000e-05
   3.6224000e-05
   3.6352000e-05
   3.6480000e-05
   3.6608000e-05
   3.6736000e-05
   3.6864000e-05
   3.6992000e-05
   3.7120000e-05
   3.7248000e-05
   3.7376000e-05
   3.7504000e-05
   3.7632000e-05
   3.7760000e-05
   3.7888000e-05
   3.8016000e-05
   3.8144000e-05
   3.8272000e-05
   3.8400000e-05
   3.8528000e-05
   3.8656000e-05
   3.8784000e-05
   3.8912000e-05
   3.9040000e-05
   3.9168000e-05
   3.9296000e-05
   3.9424000e-05
   3.9552000e-05
   3.9680000e-05
   3.9808000e-05
   3.9936000e-05
   4.0064000e-05
   4.0192000e-05
   4.0320000e-05
   4.0448000e-05
   4.0576000e-05
   4.0704000e-05
   4.0832000e-05
   4.0960000e-05
   4.1088000e-05
   4.1216000e-05
   4.1344000e-05
   4.1472000e-05
   4.1600000e-05
   4.1728000e-05
   4.1856000e-05
   4.1984000e-05
   4.2112000e-05
   4.2240000e-05
   4.2368000e-05
   4.2496000e-05
   4.2624000e-05
   4.2752000e-05
   4.2880000e-05
   4.3008000e-05
   4.3136000e-05
   4.3264000e-05
   4.3392000e-05
   4.3520000e-05
   4.3648000e-05
   4.3776000e-05
   4.3904000e-05
   4.4032000e-05
   4.4160000e-05
   4.4288000e-05
   4.4416000e-05
   4.4544000e-05
   4.4672000e-05
   4.4800000e-05
   4.4928000e-05
   4.5056000e-05
   4.5184000e-05
   4.5312000e-05
   4.5440000e-05
   4.5568000e-05
   4.5696000e-05
   4.5824000e-05
   4.5952000e-05
   4.6080000e-05
   4.6208000e-05
   4.6336000e-05
   4.6464000e-05
   4.6592000e-05
   4.6720000e-05
   4.6848000e-05
   4.6976000e-05
   4.7104000e-05
   4.7232000e-05
   4.7360000e-05
   4.7488000e-05
   4.7616000e-05
   4.7744000e-05
   4.7872000e-05
   4.8000000e-05
   4.8128000e-05
   4.8256000e-05
   4.8384000e-05
   4.8512000e-05
   4.8640000e-05
   4.8768000e-05
   4.8896000e-05
   4.9024000e-05
   4.9152000e-05
   4.9280000e-05
   4.9408000e-05
   4.9536000e-05
   4.9664000e-05
   4.9792000e-05
   4.9920000e-05
   5.0048000e-05
   5.0176000e-05
   5.0304000e-05
   5.0432000e-05
   5.0560000e-05
   5.0688000e-05
   5.0816000e-05
   5.0944000e-05
   5.1072000e-05
   5.1200000e-05
   5.1328000e-05
   5.1456000e-05
   5.1584000e-05
   5.1712000e-05
   5.1840000e-05
   5.1968000e-05
   5.2096000e-05
   5.2224000e-05
   5.2352000e-05
   5.2480000e-05
   5.2608000e-05
   5.2736000e-05
   5.2864000e-05
   5.2992000e-05
   5.3120000e-05
   5.3248000e-05
   5.3376000e-05
   5.3504000e-05
   5.3632000e-05
   5.3760000e-05
   5.3888000e-05
   5.4016000e-05
   5.4144000e-05
   5.4272000e-05
   5.4400000e-05
   5.4528000e-05
   5.4656000e-05
   5.4784000e-05
   5.4912000e-05
   5.5040000e-05
   5.5168000e-05
   5.5296000e-05
   5.5424000e-05
   5.5552000e-05
   5.5680000e-05
   5.5808000e-05
   5.5936000e-05
   5.6064000e-05
   5.6192000e-05
   5.6320000e-05
   5.6448000e-05
   5.6576000e-05
   5.6704000e-05
   5.6832000e-05
   5.6960000e-05
   5.7088000e-05
   5.7216000e-05
   5.7344000e-05
   5.7472000e-05
   5.7600000e-05
   5.7728000e-05
   5.7856000e-05
   5.7984000e-05
   5.8112000e-05
   5.8240000e-05
   5.8368000e-05
   5.8496000e-05
   5.8624000e-05
   5.8752000e-05
   5.8880000e-05
   5.9008000e-05
   5.9136000e-05
   5.9264000e-05
   5.9392000e-05
   5.9520000e-05
   5.9648000e-05
   5.9776000e-05
   5.9904000e-05
   6.0032000e-05
   6.0160000e-05
   6.0288000e-05
   6.0416000e-05
   6.0544000e-05
   6.0672000e-05
   6.0800000e-05
   6.0928000e-05
   6.1056000e-05
   6.1184000e-05
   6.1312000e-05
   6.1440000e-05
   6.1568000e-05
   6.1696000e-05
   6.1824000e-05
   6.1952000e-05
   6.2080000e-05
   6.2208000e-05
   6.2336000e-05
   6.2464000e-05
   6.2592000e-05
   6.2720000e-05
   6.2848000e-05
   6.2976000e-05
   6.3104000e-05
   6.3232000e-05
   6.3360000e-05
   6.3488000e-05
   6.3616000e-05
   6.3744000e-05
   6.3872000e-05
   6.4000000e-05
   6.4128000e-05
   6.4256000e-05
   6.4384000e-05
   6.4512000e-05
   6.4640000e-05
   6.4768000e-05
   6.4896000e-05
   6.5024000e-05
   6.5152000e-05
   6.5280000e-05
   6.5408000e-05
   6.5536000e-05
   6.5664000e-05
   6.5792000e-05
   6.5920000e-05
   6.6048000e-05
   6.6176000e-05
   6.6304000e-05
   6.6432000e-05
   6.6560000e-05
   6.6688000e-05
   6.6816000e-05
   6.6944000e-05
   6.7072000e-05
   6.7200000e-05
   6.7328000e-05
   6.7456000e-05
   6.7584000e-05
   6.7712000e-05
   6.7840000e-05
   6.7968000e-05
   6.8096000e-05
   6.8224000e-05
   6.8352000e-05
   6.8480000e-05
   6.8608000e-05
   6.8736000e-05
   6.8864000e-05
   6.8992000e-05
   6.9120000e-05
   6.9248000e-05
   6.9376000e-05
   6.9504000e-05
   6.9632000e-05
   6.9760000e-05
   6.9888000e-05
   7.0016000e-05
   7.0144000e-05
   7.0272000e-05
   7.0400000e-05
   7.0528000e-05
   7.0656000e-05
   7.0784000e-05
   7.0912000e-05
   7.1040000e-05
   7.1168000e-05
   7.1296000e-05
   7.1424000e-05
   7.1552000e-05
   7.1680000e-05
   7.1808000e-05
   7.1936000e-05
