126
  4.138028516831893E-002   2.13519726291776       4.640865924303773E-002
  8.116902094129280E-002   3.17814174995352       5.288550128107196E-002
  0.200535228260214        5.68723640778814       3.568714828795173E-002
  0.240323964033188        2.78394413227687       5.316944743856107E-002
  0.240323964033188        6.47882656906509       3.161048603846385E-002
  0.280112699806162        7.26280843116733       3.920015197258236E-002
  0.280112699806162        3.25036636240447       5.707504009402140E-002
  0.319901435579136        8.06209435615207       2.165198009313544E-002
  0.319901435579136        3.74550803573100       4.864796241154378E-002
  0.359690171352110        4.26925340133646       4.642357721129343E-002
  0.399478907125084        9.57881968810501       8.210651915647356E-002
  0.399478907125084        4.81592767670069       3.690264903621961E-002
  0.439267642898058        1.87266540170236       3.604641695803432E-002
  0.439267642898058        5.39372774198629       2.957289098366392E-002
  0.479056378671032        6.03674158454542       3.278438206330086E-002
  0.479056378671032        2.81981048352860       4.252479562818449E-002
  0.518845114444005        11.8164170846071       3.481995276534556E-002
  0.518845114444005        6.81029547102437       3.282683135324355E-002
  0.518845114444005        3.59498490577320       4.425859503594733E-002
  0.558633850216979        12.7289767529189       1.929868488297339E-002
  0.558633850216979        7.78523414458951       3.399690115922741E-002
  0.598422585989953        13.5051607799810       1.868507757721108E-002
  0.598422585989953        8.98914347802755       6.517309435097238E-002
  0.598422585989953        5.03749446866071       3.850235561852720E-002
  0.638211321762927        14.2847440029786       1.613571474685468E-002
  0.638211321762927        10.3516525949316       4.499718732403390E-002
  0.638211321762927        5.72198763020795       4.718865879366554E-002
  0.678000057535901        15.0918284420344       1.217980160948741E-002
  0.678000057535901        11.7178211645470       3.142684656424466E-002
  0.678000057535901        6.39555847704554       6.153655222476689E-002
  0.717788793308875        7.04298977263542       4.121882732663015E-002
  0.717788793308875        13.0377495128395       1.019004661050116E-002
  0.717788793308875        15.8985821994092       1.060830311230083E-002
  0.757577529081849        16.7513178262616       0.147022003898614     
  0.757577529081849        14.1995922233867       1.876002761617628E-002
  0.757577529081849        7.76963828021755       4.980473033767729E-002
  0.797366264854823        15.3056393443021       1.911831330570558E-002
  0.797366264854823        8.47527277249596       6.386750506419350E-002
  0.837155000627796        16.3731346196960       9.858212300678919E-003
  0.837155000627796        9.20339711176059       8.108886787141670E-002
  0.876943736400770        17.4279939736339       2.122957652825506E-002
  0.876943736400770        9.90200186556064       3.172549892875860E-002
  0.916732472173744        18.4317735168548       1.045871478915080E-002
  0.916732472173744        10.7034242329118       6.309187851558905E-003
  0.916732472173744        2.80722743929828       3.987974120595159E-002
  0.956521207946718        3.65610982611994       5.561420797132022E-002
  0.956521207946718        11.5350847621733       1.570893038012654E-002
  0.956521207946718        19.4040163419095       1.621376955151304E-004
  0.956521207946718        20.7535463821157       5.883461253194444E-002
  0.996309943719692        21.5577308937950       2.136788142259359E-002
  0.996309943719692        20.3624715847654      -1.067172041584643E-003
  0.996309943719692        12.4515666085436       1.750554597078733E-002
  0.996309943719692        4.48845519490181       5.290723633234955E-002
   1.03609867949267        22.3486869177726       2.516636895008477E-002
   1.03609867949267        21.2960306058139       3.857167013794637E-003
   1.03609867949267        13.4223289888512       3.426648807287264E-002
   1.03609867949267        5.25363451945999       5.137272824249940E-002
   1.07588741526564        23.1795841027994       1.443310642864656E-002
   1.07588741526564        22.2247022907371       4.485672471995162E-003
   1.07588741526564        14.3863567969346       0.190716345584101     
   1.07588741526564        5.99464847989175       5.524393002105509E-002
   1.11567615103861        24.0032014583159       7.666778493462967E-002
   1.11567615103861        23.1501582797554       2.518919313141050E-002
   1.11567615103861        15.5064104256139       1.592496150192742E-002
   1.11567615103861        11.7061364687956       3.963586730165851E-002
   1.11567615103861        6.73461686301843       5.080429552331876E-002
   1.15546488681159        24.7423064096820       0.131369688280273     
   1.15546488681159        24.0225965926279       5.569442013356338E-002
   1.15546488681159        16.6414208218000       3.056609656594922E-002
   1.15546488681159        12.2895290716529       3.088861022827425E-002
   1.15546488681159        7.44322448712342       4.496528105558591E-002
   1.19525362258456        24.9431296680118       4.522307276250990E-002
   1.19525362258456        8.12729334859541       4.468092606282373E-002
   1.19525362258456        25.6110651275869       0.222450011899494     
   1.19525362258456        17.8093726659092       1.060977254407559E-003
   1.23504235835754        25.8595894388737       5.246627114448285E-002
   1.23504235835754        26.5507204651877       0.244902103694978     
   1.23504235835754        19.0055329728596       1.351695547308935E-002
   1.27483109413051        9.59193028655485       6.854214212346532E-002
   1.27483109413051        14.1267529305611       0.143281539451418     
   1.27483109413051        20.0966578976452       4.988687965876337E-003
   1.27483109413051        26.7610797390185       4.921666824306690E-002
   1.31461982990348        10.2223521208797       6.776641892510392E-002
   1.31461982990348        14.8356730442866       0.132864138791369     
   1.31461982990348        21.2058182270230       3.185641355459450E-003
   1.31461982990348        27.6307533843744       4.183234659002878E-002
   1.31461982990348        28.1299156602566       0.141553445289135     
   1.35440856567646        22.3010608986358       1.271108771455350E-002
   1.35440856567646        28.5105470765911       2.797111941705905E-002
   1.35440856567646        28.9731949590540       9.932257878864349E-002
   1.39419730144943        29.3865605190170       7.027066114335655E-002
   1.39419730144943        23.3663850328801       3.302128795508879E-002
   1.39419730144943        11.5350845439922       0.112303351559895     
   1.39419730144943        29.7533607595725       0.186419131961742     
   1.43398603722240        24.4005254863143       7.988577777473187E-002
   1.43398603722240        12.1214959302304       0.204683063631016     
   1.43398603722240        30.3581104803405       4.410278864450383E-002
   1.47377477299538        31.2228435833407       3.693318330739467E-002
   1.47377477299538        25.4075904067590       2.085495589731306E-002
   1.51356350876835        32.1145983059095       3.277287288458160E-002
   1.51356350876835        26.4140285656106       4.822941441120926E-002
   1.55335224454133        32.9634670538653       1.428720159954241E-003
   1.55335224454133        27.3769095834507       1.222335803058385E-002
   1.59314098031430        28.3411553702233       2.659895038854528E-002
   1.59314098031430        33.7835547115851      -4.009225206157592E-002
   1.63292971608727        29.2812648779212       3.193209249186678E-003
   1.63292971608727        34.6468702032833      -2.148015694570409E-002
   1.63292971608727        22.2042707368368       0.192229578599482     
   1.67271845186025        30.2494164961716       1.557394513578823E-002
   1.67271845186025        35.5361641556941       6.934753752961310E-002
   1.67271845186025        4.38180260773829       9.384643863894424E-002
   1.67271845186025        23.4122609264201       0.153579557520052     
   1.71250718763322        5.83685252733302       6.022190043307618E-002
   1.71250718763322        24.4156661965668       0.353166356077207     
   1.71250718763322        31.1406870518237       0.108446783888331     
   1.71250718763322        36.2905453749179       0.318120720494847     
   1.75229592340620        36.9466057221387       0.219982550292537     
   1.75229592340620        32.0690234127924       0.149204734427774     
   1.75229592340620        25.6086646609432       9.626612317363728E-002
   1.75229592340620        7.07851168279315       4.444331759653541E-002
   1.79208465917917        8.23787850639294       9.028424404234831E-002
   1.79208465917917        37.9247261814557       0.249306480128373     
   1.83187339495214        38.6015874709828       0.412496951727513     
   1.87166213072512        39.5649491278176       0.362692810670255     
   1.91145086649809        40.6314243470344       0.495483072182902     
   2.70722558195757        36.4428482159144       0.348855586842098     
